20
151
0 1 3
0 2 6
0 3 8
0 4 10
0 5 10
0 7 1
0 8 7
0 9 7
0 10 8
0 11 8
0 12 3
0 13 7
0 15 7
0 16 10
0 17 2
0 18 10
0 19 6
1 4 2
1 8 2
1 9 5
1 10 7
1 13 3
1 15 3
2 1 10
2 3 10
2 4 2
2 6 5
2 8 2
2 11 5
2 12 2
2 13 9
2 14 10
2 15 6
2 17 5
2 18 8
2 19 10
3 10 1
3 13 4
4 3 10
4 6 8
4 7 5
4 9 2
4 10 3
4 13 8
5 2 9
5 3 6
5 4 7
5 6 5
5 7 3
5 8 2
5 9 2
5 10 10
5 12 6
5 15 9
5 16 10
5 17 1
5 18 3
5 19 9
6 10 7
6 13 10
7 3 5
7 6 8
7 9 3
7 10 4
7 13 6
8 3 3
8 4 10
8 7 8
8 9 3
8 10 4
9 6 7
9 13 10
11 1 9
11 3 2
11 4 2
11 7 6
11 8 9
11 9 5
11 10 10
11 12 9
11 13 10
11 15 3
11 17 7
11 19 8
12 4 5
12 7 4
12 9 4
12 13 5
13 10 5
14 1 9
14 4 4
14 6 4
14 7 2
14 8 2
14 9 5
14 10 8
14 11 6
14 12 2
14 15 10
14 17 1
14 19 8
15 3 3
15 6 5
15 7 9
15 9 4
15 13 9
16 1 1
16 3 5
16 4 2
16 7 1
16 8 10
16 9 7
16 11 6
16 12 5
16 13 9
16 14 1
16 15 3
16 17 8
16 19 6
17 1 5
17 4 1
17 6 2
17 7 10
17 8 10
17 9 8
17 10 5
17 12 4
17 15 4
17 19 10
18 1 5
18 3 8
18 4 10
18 6 8
18 8 4
18 9 3
18 10 8
18 11 1
18 12 8
18 14 6
18 15 9
18 17 4
19 1 9
19 3 6
19 4 10
19 6 2
19 8 7
19 9 5
19 10 8
19 12 10
19 13 5
19 15 6
