20
156
0 1 3
0 2 1
0 3 9
0 4 7
0 6 5
0 7 8
0 9 5
0 10 6
0 11 6
0 12 3
0 13 5
0 14 4
0 17 6
0 18 1
0 19 5
1 3 8
1 7 10
1 8 6
1 9 2
1 10 1
1 14 8
1 15 2
1 16 7
1 17 5
1 18 3
2 1 3
2 3 8
2 4 5
2 5 7
2 7 5
2 8 2
2 9 10
2 10 4
2 13 7
2 14 10
2 15 9
2 16 3
2 17 4
2 18 9
2 19 7
3 7 2
3 8 7
3 9 3
3 11 3
3 15 7
3 16 10
4 1 9
4 3 3
4 7 6
4 8 3
4 9 9
4 13 2
4 14 6
4 15 10
4 16 6
4 19 10
5 1 4
5 3 1
5 4 1
5 7 7
5 8 9
5 9 9
5 10 8
5 13 6
5 14 8
5 15 1
5 16 2
5 17 9
5 18 3
5 19 8
6 1 2
6 2 9
6 3 1
6 5 9
6 7 2
6 8 2
6 9 5
6 10 10
6 11 8
6 13 7
6 15 10
6 17 2
6 19 7
7 14 1
7 18 7
8 7 8
8 11 7
8 14 6
8 16 3
8 18 9
9 7 4
9 14 7
9 18 5
10 3 9
10 7 2
10 8 6
10 9 5
10 11 10
10 13 4
10 14 10
10 15 4
10 16 9
10 17 2
10 18 8
11 18 10
12 1 2
12 2 9
12 3 3
12 4 8
12 5 7
12 6 5
12 7 3
12 8 5
12 9 9
12 10 4
12 11 1
12 14 10
12 15 10
12 16 8
12 17 1
12 18 9
12 19 1
13 3 7
13 7 3
13 8 8
13 11 10
13 14 8
13 16 7
14 11 6
14 18 2
15 7 2
15 8 4
15 11 6
15 16 7
16 9 8
16 11 6
16 18 5
17 3 10
17 7 3
17 8 4
17 9 3
17 11 1
17 13 1
17 14 1
17 15 2
17 16 2
17 18 1
19 7 2
19 8 5
19 9 4
19 10 3
19 11 1
19 13 1
19 14 9
19 15 8
19 17 7
