20
154
0 1 2
0 2 9
0 4 8
0 5 1
0 7 3
0 8 6
0 9 8
0 10 6
0 12 4
0 13 8
0 16 1
0 17 6
0 18 7
0 19 3
1 2 5
1 3 4
1 5 6
1 6 8
1 7 6
1 8 5
1 9 10
1 10 10
1 12 1
1 13 7
1 14 10
1 16 8
1 17 4
2 3 9
2 4 2
2 9 6
2 10 9
2 11 4
2 14 5
3 4 9
3 10 9
3 11 10
3 12 8
4 11 6
5 2 2
5 3 10
5 6 8
5 7 10
5 8 8
5 9 8
5 10 1
5 12 1
5 16 6
5 17 8
6 2 2
6 3 2
6 4 5
6 7 6
6 9 2
6 10 6
6 11 9
6 12 9
6 13 2
6 14 6
6 17 7
7 2 6
7 4 1
7 8 7
7 9 6
7 10 4
7 11 6
7 12 3
7 13 6
7 14 5
8 2 7
8 3 1
8 4 10
8 9 5
8 10 10
8 11 10
8 13 4
9 3 1
9 4 8
9 10 10
9 11 2
10 4 2
10 11 10
10 12 9
12 4 1
13 2 5
13 3 3
13 10 1
13 11 8
13 12 2
13 14 9
14 4 3
14 10 4
14 11 1
14 12 10
15 1 10
15 2 6
15 3 5
15 4 10
15 5 2
15 6 4
15 8 9
15 10 1
15 12 2
15 13 1
15 14 4
15 16 1
15 17 6
15 18 5
16 2 2
16 3 10
16 4 5
16 6 7
16 7 1
16 8 9
16 9 2
16 11 2
16 12 5
16 14 9
16 17 2
17 2 6
17 8 3
17 9 8
17 10 3
17 11 3
17 12 5
17 14 5
18 1 9
18 2 10
18 3 3
18 4 10
18 5 6
18 6 7
18 7 5
18 8 10
18 10 6
18 11 6
18 13 7
18 14 1
18 16 9
18 17 3
19 2 3
19 3 5
19 5 3
19 7 7
19 8 6
19 9 5
19 10 1
19 11 1
19 12 8
19 13 6
19 14 9
19 15 7
19 16 2
19 17 6
19 18 9
