20
159
0 1 4
0 2 4
0 3 9
0 4 3
0 5 9
0 6 1
0 7 1
0 8 10
0 9 1
0 10 6
0 11 5
0 12 7
0 13 3
0 14 1
0 15 5
0 16 6
0 17 9
0 18 4
0 19 4
1 2 4
1 3 2
1 4 4
1 5 1
1 6 10
1 7 3
1 8 2
1 9 9
1 11 8
1 12 10
1 13 6
1 14 5
1 15 2
1 16 10
1 18 8
1 19 1
2 5 4
2 6 9
2 7 4
2 8 8
2 11 9
2 13 3
3 2 3
3 5 5
3 6 5
3 7 4
3 8 8
3 13 1
3 18 6
4 2 2
4 3 1
4 6 6
4 7 9
4 9 9
4 11 6
4 15 4
4 17 5
4 18 7
5 6 8
5 8 7
5 11 1
5 13 1
7 6 2
8 7 2
9 2 10
9 3 10
9 5 8
9 6 3
9 7 8
9 8 1
9 11 9
9 13 7
9 15 6
9 18 2
10 1 10
10 2 2
10 3 1
10 4 1
10 5 1
10 6 8
10 7 1
10 8 2
10 11 10
10 12 9
10 13 9
10 14 3
10 15 5
10 16 3
10 17 10
10 19 1
11 8 8
11 13 4
12 3 3
12 5 4
12 6 4
12 7 4
12 8 3
12 9 10
12 11 9
12 13 9
12 15 9
12 16 7
12 17 6
12 18 3
13 7 5
13 8 8
14 2 8
14 3 8
14 5 10
14 6 6
14 7 1
14 8 9
14 9 9
14 11 1
14 13 7
14 17 7
15 2 2
15 5 5
15 6 9
15 7 9
15 8 9
15 11 10
15 13 7
16 3 10
16 4 2
16 5 10
16 6 9
16 7 8
16 8 6
16 13 1
16 15 4
16 17 9
16 18 8
17 2 2
17 3 4
17 5 3
17 6 5
17 7 3
17 8 7
17 11 9
17 13 5
17 15 1
17 18 6
18 5 3
18 6 2
18 7 5
18 8 6
18 11 9
19 2 9
19 3 7
19 4 9
19 7 1
19 8 6
19 9 4
19 11 6
19 12 4
19 13 6
19 15 8
19 16 5
19 17 2
