20
153
0 1 2
0 3 8
0 4 8
0 5 6
0 6 1
0 8 8
0 9 9
0 10 5
0 11 5
0 12 4
0 14 5
0 15 6
0 16 7
0 17 9
0 18 2
0 19 1
1 2 1
1 4 7
1 6 3
1 7 4
1 9 7
1 13 1
1 18 9
2 4 2
2 6 4
2 7 5
2 8 6
2 9 4
2 13 8
2 18 7
3 1 4
3 2 10
3 4 9
3 6 9
3 8 8
3 9 4
3 13 1
3 16 2
3 17 4
3 19 8
4 6 4
4 8 8
4 9 1
4 13 3
4 18 5
5 1 9
5 2 4
5 6 9
5 7 10
5 8 5
5 9 3
5 13 7
5 18 6
6 9 1
7 4 4
7 6 3
7 8 4
7 9 3
7 13 6
7 18 9
8 9 7
8 13 6
9 13 7
10 1 1
10 3 7
10 4 3
10 6 2
10 8 4
10 11 10
10 13 3
10 16 8
10 18 9
10 19 3
11 3 9
11 4 9
11 5 9
11 6 2
11 7 3
11 8 3
11 9 10
11 13 1
11 16 8
11 17 9
11 19 4
12 1 9
12 2 1
12 3 7
12 4 8
12 5 10
12 6 9
12 9 7
12 10 1
12 11 1
12 13 6
12 15 6
12 17 1
12 18 4
12 19 7
14 1 7
14 2 2
14 3 10
14 4 3
14 5 10
14 6 3
14 7 5
14 8 3
14 10 4
14 12 10
14 13 1
14 15 3
14 16 2
14 17 4
14 18 3
15 2 10
15 3 4
15 4 4
15 7 5
15 8 9
15 13 3
15 16 3
15 17 4
15 19 1
16 1 5
16 4 3
16 5 10
16 6 5
16 7 6
16 8 5
16 9 7
16 13 8
16 18 9
17 1 8
17 2 8
17 6 5
17 7 6
17 8 8
17 9 1
17 13 4
17 18 5
18 6 3
18 8 3
18 9 5
18 13 9
19 1 7
19 2 6
19 4 5
19 5 8
19 6 10
19 7 8
19 8 4
19 9 10
19 16 4
19 18 6
