20
154
0 2 2
0 4 8
0 5 3
0 6 10
0 7 7
0 8 3
0 10 6
0 12 10
0 13 9
0 14 8
0 15 6
0 16 9
0 17 6
0 18 6
0 19 7
1 3 5
1 6 5
1 8 10
1 9 1
1 10 3
1 11 8
1 12 10
1 13 1
1 14 10
1 19 2
2 1 7
2 3 8
2 4 9
2 8 4
2 9 4
2 10 9
2 11 2
2 12 1
2 14 5
2 16 1
2 17 9
2 19 8
3 8 5
4 8 4
5 1 8
5 2 5
5 3 6
5 4 6
5 6 10
5 7 3
5 8 5
5 9 8
5 10 10
5 11 10
5 13 9
5 14 3
5 15 2
5 16 10
5 17 2
5 18 9
5 19 3
6 3 10
6 8 9
6 9 2
6 12 9
6 14 2
6 19 5
7 1 6
7 2 7
7 3 8
7 4 10
7 6 2
7 9 3
7 10 10
7 11 6
7 14 4
7 17 10
7 19 9
8 14 7
9 3 6
9 4 7
9 8 6
9 14 3
9 19 5
10 3 4
10 4 3
10 6 10
10 8 7
10 9 5
10 12 5
10 19 1
11 3 2
11 6 6
11 8 2
11 9 9
11 10 5
11 12 6
11 13 9
11 14 8
12 3 7
12 4 9
12 9 8
12 14 6
13 3 6
13 4 10
13 6 7
13 8 10
13 9 5
13 10 10
13 12 3
13 19 2
15 1 8
15 2 7
15 3 7
15 4 8
15 6 7
15 7 4
15 9 2
15 10 7
15 11 10
15 12 9
15 13 7
15 14 10
15 16 6
15 19 5
16 1 10
16 8 8
16 9 3
16 10 6
16 11 9
16 12 5
16 13 10
16 14 3
17 1 5
17 3 2
17 4 2
17 6 7
17 10 5
17 12 1
17 13 5
17 14 2
17 16 3
17 19 9
18 1 8
18 2 2
18 4 2
18 7 6
18 8 8
18 9 1
18 10 5
18 11 3
18 12 2
18 13 7
18 15 2
18 16 8
18 17 8
18 19 7
19 4 2
19 14 7
