20
152
0 1 10
0 2 4
0 3 6
0 4 9
0 6 1
0 7 2
0 8 5
0 9 2
0 10 5
0 11 4
0 12 1
0 13 9
0 14 6
0 15 5
0 16 4
0 17 3
0 18 4
0 19 8
1 8 2
1 10 5
1 11 1
1 12 5
2 1 8
2 4 2
2 7 4
2 8 8
2 11 1
2 12 9
2 13 4
2 14 8
3 1 9
3 2 6
3 7 3
3 10 7
3 11 9
3 12 6
3 13 3
3 14 4
3 17 5
3 19 4
4 7 7
4 10 2
5 1 10
5 3 1
5 7 6
5 8 10
5 10 5
5 11 2
5 12 8
5 13 10
5 19 4
6 2 4
6 8 7
6 10 4
6 11 1
6 12 7
6 14 3
7 10 3
8 4 6
8 7 4
8 10 1
8 13 5
9 2 10
9 6 3
9 7 9
9 8 10
9 10 4
9 11 1
9 12 1
9 13 2
9 14 9
9 17 8
9 19 2
11 7 8
11 8 7
11 13 10
12 4 5
12 7 4
12 10 4
12 11 5
12 13 4
13 4 5
13 10 2
14 4 7
14 7 9
14 8 4
14 10 9
14 11 9
14 12 9
14 13 8
15 1 8
15 3 8
15 4 6
15 5 10
15 6 8
15 7 2
15 8 10
15 9 3
15 10 3
15 11 2
15 12 1
15 14 9
15 16 2
15 18 2
15 19 10
16 1 3
16 2 4
16 3 6
16 4 6
16 5 8
16 6 4
16 7 3
16 9 8
16 10 6
16 12 4
16 13 6
16 17 2
16 19 9
17 1 10
17 2 6
17 4 3
17 6 10
17 7 3
17 8 1
17 10 2
17 12 6
17 13 5
17 14 9
17 19 9
18 1 3
18 2 9
18 4 10
18 5 9
18 6 9
18 7 9
18 8 5
18 10 9
18 11 4
18 12 5
18 13 4
18 14 7
18 16 5
18 17 10
18 19 6
19 1 10
19 2 3
19 4 1
19 6 6
19 7 2
19 8 4
19 10 4
19 11 6
