20
160
0 1 9
0 2 10
0 3 6
0 4 4
0 5 9
0 8 2
0 9 2
0 10 7
0 11 1
0 12 9
0 13 1
0 14 6
0 15 2
0 17 6
0 18 9
0 19 10
1 2 9
1 4 9
1 5 3
1 6 3
1 8 1
1 9 5
1 16 3
2 6 1
2 9 9
2 11 8
3 1 3
3 2 3
3 6 5
3 8 1
3 9 3
3 11 5
3 16 6
4 5 8
4 6 6
4 8 10
4 9 5
4 16 3
5 2 9
5 6 5
5 9 1
5 11 1
5 16 6
7 1 9
7 3 9
7 4 7
7 5 4
7 6 6
7 8 2
7 9 5
7 11 1
7 12 9
7 16 3
7 18 3
8 2 5
8 5 3
8 6 6
8 9 4
8 11 6
8 16 3
10 1 7
10 3 1
10 4 2
10 5 4
10 6 5
10 7 1
10 8 10
10 9 6
10 11 6
10 12 7
10 15 8
10 16 9
11 6 4
11 9 10
12 1 2
12 3 10
12 4 6
12 5 8
12 6 3
12 8 4
12 9 10
12 16 8
12 18 7
13 1 8
13 3 7
13 4 3
13 6 10
13 7 4
13 9 2
13 10 9
13 12 3
13 14 9
13 15 7
13 17 7
13 18 1
14 1 6
14 2 9
14 4 8
14 5 10
14 6 7
14 8 8
14 9 2
14 11 3
14 12 8
14 16 2
14 18 3
15 1 10
15 5 5
15 6 2
15 7 4
15 8 4
15 9 7
15 11 7
15 12 8
15 14 1
15 16 7
16 2 2
16 6 5
16 9 7
17 1 4
17 2 2
17 3 10
17 4 6
17 5 9
17 6 6
17 7 5
17 8 4
17 9 2
17 10 5
17 11 7
17 12 10
17 14 6
17 15 9
17 16 7
17 18 1
18 1 10
18 2 2
18 3 7
18 5 10
18 6 7
18 8 10
18 9 8
18 11 3
18 16 8
19 1 2
19 2 10
19 3 6
19 4 1
19 6 8
19 7 5
19 8 3
19 9 5
19 10 4
19 11 1
19 12 3
19 13 7
19 14 2
19 15 9
19 17 3
19 18 10
