20
158
0 1 3
0 3 1
0 4 1
0 6 6
0 7 4
0 8 10
0 9 3
0 10 3
0 11 10
0 12 3
0 13 7
0 14 3
0 15 3
0 18 9
0 19 4
1 4 2
1 5 6
1 8 2
1 9 7
1 10 10
1 11 5
1 12 8
1 13 8
1 16 6
2 1 2
2 4 7
2 5 3
2 6 6
2 7 10
2 8 9
2 10 4
2 11 3
2 12 3
2 13 6
2 14 3
2 15 1
2 16 6
2 17 6
2 19 1
3 1 6
3 2 10
3 4 7
3 5 7
3 6 7
3 7 6
3 8 4
3 9 5
3 10 3
3 11 3
3 12 9
3 13 3
3 15 2
3 16 4
3 17 2
3 18 1
3 19 10
4 5 3
4 8 1
4 9 2
4 11 7
4 12 1
4 13 9
4 18 1
5 8 7
5 9 8
5 11 2
5 12 4
5 13 2
5 18 9
6 1 1
6 4 5
6 5 1
6 7 7
6 8 1
6 9 6
6 11 6
6 13 4
6 14 2
6 16 2
6 17 5
6 18 1
7 4 4
7 5 4
7 8 6
7 9 5
7 11 10
7 12 4
7 13 8
7 16 6
7 18 10
8 9 9
10 5 8
10 7 1
10 8 1
10 9 7
10 11 6
10 16 7
11 8 6
11 9 6
11 13 10
12 8 1
12 9 10
12 13 10
12 18 9
13 18 6
14 1 1
14 4 4
14 7 8
14 8 4
14 9 5
14 10 5
14 11 7
14 13 6
14 16 6
14 18 7
15 4 5
15 5 6
15 6 5
15 7 9
15 8 4
15 9 1
15 11 3
15 12 3
15 14 7
15 17 7
15 18 2
15 19 6
16 5 8
16 8 1
16 9 7
16 11 5
16 12 3
16 13 5
16 18 7
17 1 3
17 4 3
17 7 7
17 8 1
17 9 9
17 10 3
17 11 7
17 13 10
17 14 6
17 16 3
17 18 5
18 8 9
18 9 3
19 1 2
19 4 5
19 5 9
19 6 7
19 7 2
19 8 9
19 9 7
19 10 7
19 12 3
19 16 4
19 17 3
