20
154
0 2 2
0 3 3
0 4 5
0 5 10
0 6 3
0 7 5
0 9 9
0 10 8
0 11 6
0 12 3
0 13 2
0 15 9
0 16 6
0 17 2
0 18 4
0 19 9
1 2 9
1 3 1
1 7 8
1 8 9
1 9 10
1 10 3
1 11 9
1 12 6
1 13 9
1 16 8
1 18 9
1 19 7
2 19 8
3 2 2
3 14 6
3 15 10
3 16 2
3 18 9
3 19 5
4 1 10
4 2 5
4 3 7
4 5 8
4 6 1
4 7 6
4 8 2
4 9 4
4 10 5
4 11 2
4 12 2
4 13 5
4 14 10
4 17 3
4 19 10
5 2 6
5 3 10
5 7 2
5 8 7
5 9 6
5 10 4
5 11 9
5 12 5
5 13 10
5 18 5
6 1 1
6 2 5
6 3 5
6 5 10
6 7 10
6 8 8
6 10 2
6 11 9
6 12 9
6 14 5
6 15 6
6 16 1
7 2 3
7 3 7
7 8 2
7 11 1
7 12 9
7 13 4
7 14 9
7 15 10
7 16 10
7 18 2
7 19 10
8 3 3
8 10 10
8 12 3
8 13 8
8 14 9
8 15 5
8 16 4
8 18 3
8 19 4
9 2 5
9 3 9
9 7 8
9 10 8
9 12 10
9 13 8
9 14 5
9 15 10
9 16 6
9 19 4
10 2 7
10 3 6
10 12 2
10 13 8
10 14 10
10 15 4
10 16 7
10 19 2
11 3 4
11 8 10
11 10 8
11 12 4
11 13 7
11 14 10
11 15 7
11 16 3
11 18 6
11 19 1
12 2 1
12 3 8
12 13 2
12 15 5
12 16 5
12 18 3
12 19 3
13 2 2
13 3 1
13 14 10
13 15 10
13 16 6
13 18 9
13 19 4
14 2 10
15 2 3
15 16 7
15 19 3
16 2 8
16 19 3
17 1 3
17 3 2
17 6 9
17 7 9
17 8 4
17 10 5
17 14 2
17 15 6
17 16 6
17 18 10
17 19 8
18 2 4
18 15 10
18 16 7
