20
147
0 1 2
0 2 3
0 5 4
0 7 5
0 9 2
0 10 4
0 11 5
0 13 9
0 14 6
0 15 2
0 16 8
0 17 1
0 18 2
1 6 7
1 13 5
1 19 1
2 6 5
2 8 5
2 10 1
2 13 2
2 19 2
3 1 5
3 2 2
3 4 1
3 7 2
3 8 5
3 9 2
3 10 5
3 11 8
3 13 3
3 16 4
3 18 7
3 19 1
4 1 2
4 2 5
4 7 3
4 8 9
4 9 9
4 10 6
4 19 2
5 1 7
5 2 1
5 7 2
5 8 3
5 9 7
5 10 7
5 11 1
5 12 8
5 13 10
5 16 10
5 17 6
5 18 10
5 19 3
6 7 6
6 13 3
6 19 9
8 6 2
8 13 6
8 19 10
9 1 8
9 2 4
9 7 6
9 8 7
9 13 8
9 18 4
9 19 4
10 6 1
10 7 3
10 8 1
10 13 6
10 18 10
11 1 8
11 2 2
11 4 1
11 6 9
11 7 5
11 9 7
11 10 4
11 13 10
11 18 5
11 19 2
12 1 9
12 2 2
12 6 8
12 7 4
12 9 1
12 10 9
12 11 4
12 13 2
12 18 9
12 19 6
13 7 1
13 19 7
14 1 5
14 2 9
14 3 9
14 4 6
14 5 7
14 6 3
14 7 6
14 9 10
14 10 9
14 11 8
14 12 2
14 13 1
14 16 2
14 17 2
14 18 9
14 19 3
15 1 4
15 2 8
15 4 8
15 5 2
15 6 7
15 8 4
15 9 6
15 11 3
15 13 7
15 14 3
15 16 9
15 17 7
15 18 2
16 1 8
16 4 1
16 6 8
16 7 9
16 8 5
16 9 6
16 10 7
16 12 4
16 13 7
16 18 4
16 19 5
17 2 7
17 3 4
17 4 1
17 7 6
17 10 9
17 11 3
17 12 9
17 13 1
17 16 9
17 18 1
17 19 5
18 7 1
18 8 10
19 7 8
