20
161
0 1 8
0 2 4
0 3 10
0 4 4
0 5 6
0 6 3
0 7 7
0 8 9
0 9 6
0 10 9
0 11 2
0 12 5
0 13 3
0 14 7
0 15 1
0 17 9
0 18 6
0 19 7
1 2 8
1 3 7
1 4 7
1 5 4
1 6 4
1 7 4
1 8 2
1 9 8
1 10 6
1 11 10
1 12 2
1 14 7
1 15 3
1 16 10
1 17 2
1 19 4
2 3 5
2 6 5
2 11 5
2 12 8
2 13 7
2 14 9
2 15 10
2 16 1
2 19 1
3 11 10
3 14 1
3 19 8
4 2 1
4 3 9
4 5 1
4 6 9
4 8 2
4 10 7
4 11 10
4 12 7
4 13 9
4 14 7
4 15 3
4 16 3
4 19 2
5 2 6
5 3 1
5 6 5
5 11 10
5 12 9
5 14 5
5 16 4
5 19 8
6 3 8
6 11 4
6 14 4
6 15 5
6 19 7
7 2 1
7 5 2
7 6 4
7 10 5
7 11 7
7 12 3
7 13 9
7 14 8
7 15 5
7 16 3
7 19 7
8 2 1
8 3 2
8 6 10
8 9 8
8 11 6
8 12 2
8 14 8
8 15 9
8 16 3
8 19 4
9 2 8
9 3 8
9 5 10
9 6 4
9 10 10
9 11 1
9 12 6
9 13 6
9 14 8
9 15 7
9 19 9
10 2 7
10 3 8
10 6 8
10 11 4
10 13 1
10 15 10
10 19 5
11 12 8
13 3 3
13 6 6
13 11 8
13 12 1
13 14 6
13 15 8
14 11 9
14 12 9
15 11 9
15 12 7
15 14 1
15 19 8
16 6 4
16 11 1
16 12 10
16 13 3
16 14 5
16 15 9
16 19 3
17 2 4
17 3 2
17 4 5
17 5 7
17 6 10
17 7 9
17 8 8
17 10 1
17 11 4
17 14 10
17 15 5
17 16 6
17 18 2
17 19 3
18 2 5
18 5 5
18 6 5
18 7 1
18 8 7
18 9 8
18 10 7
18 11 2
18 12 3
18 13 7
18 14 5
18 15 9
18 16 2
18 19 1
19 11 1
19 12 5
