20
156
0 2 4
0 5 5
0 6 6
0 7 10
0 8 4
0 9 1
0 10 6
0 11 7
0 12 3
0 14 2
0 15 9
0 16 8
0 17 6
0 18 2
0 19 1
1 2 10
1 8 5
1 19 7
2 8 3
2 19 3
3 1 3
3 2 2
3 4 1
3 5 3
3 7 8
3 8 7
3 11 3
3 12 5
3 15 8
3 16 4
3 19 4
4 1 5
4 5 5
4 8 7
4 11 6
4 12 5
4 15 4
4 19 9
5 1 9
5 11 4
5 12 2
5 16 9
5 19 7
6 2 4
6 3 9
6 4 1
6 5 8
6 7 8
6 8 2
6 9 7
6 11 3
6 12 1
6 13 1
6 14 5
6 16 5
6 18 10
7 1 2
7 2 10
7 5 6
7 11 8
7 12 9
7 15 5
7 16 4
7 19 3
9 1 4
9 3 5
9 4 10
9 5 9
9 8 5
9 11 9
9 12 7
9 14 5
9 15 9
9 16 4
10 1 7
10 3 3
10 5 3
10 7 9
10 8 6
10 9 8
10 11 1
10 12 7
10 14 4
10 15 4
10 18 2
10 19 1
11 1 3
11 2 10
11 8 2
11 19 5
12 2 10
12 8 8
12 11 5
12 16 6
13 1 2
13 2 2
13 3 7
13 4 7
13 5 10
13 7 5
13 8 1
13 9 4
13 10 10
13 11 6
13 12 8
13 14 8
13 15 8
13 16 6
13 17 6
13 18 1
13 19 4
14 2 6
14 3 10
14 4 2
14 5 2
14 7 7
14 8 10
14 15 3
14 18 8
14 19 9
15 1 6
15 2 8
15 5 2
15 8 9
15 12 10
15 16 8
15 19 7
16 2 4
16 8 3
16 11 8
16 19 1
17 1 5
17 2 3
17 3 8
17 5 6
17 7 8
17 8 10
17 9 2
17 10 1
17 11 3
17 12 3
17 14 2
17 15 8
17 16 8
17 18 2
17 19 1
18 1 10
18 2 9
18 3 7
18 4 1
18 7 9
18 8 5
18 11 6
18 12 2
18 16 10
18 19 8
