20
147
0 2 3
0 3 4
0 4 9
0 5 8
0 6 9
0 7 3
0 8 6
0 9 10
0 10 9
0 11 6
0 12 1
0 15 9
0 16 1
0 17 4
0 18 2
0 19 10
1 3 6
1 4 6
1 5 5
1 10 6
1 15 7
2 1 1
2 3 10
2 4 5
2 5 2
2 6 2
2 7 2
2 10 5
2 13 10
2 14 9
2 18 6
2 19 1
3 15 6
4 3 2
4 10 8
4 15 8
4 18 1
5 4 2
5 10 1
5 15 6
5 18 1
6 1 3
6 3 2
6 4 1
6 5 1
6 7 3
6 9 8
6 10 5
6 13 4
6 14 9
6 15 3
6 19 7
7 1 6
7 3 4
7 5 7
7 10 10
7 13 7
7 14 5
7 15 7
7 18 10
8 2 3
8 4 2
8 5 8
8 6 2
8 9 4
8 10 5
8 14 6
8 19 5
9 1 3
9 3 3
9 4 5
9 5 2
9 7 2
9 10 8
9 13 8
9 14 9
9 15 7
10 15 10
10 18 7
11 1 3
11 2 7
11 3 9
11 4 7
11 6 4
11 8 5
11 13 6
11 14 7
11 15 6
11 18 1
12 1 3
12 2 3
12 3 1
12 6 3
12 7 7
12 8 7
12 10 7
12 11 10
12 13 3
12 14 5
12 19 2
13 3 4
13 4 7
13 10 2
13 15 7
14 1 9
14 3 6
14 5 7
14 13 6
14 15 8
16 1 4
16 2 7
16 3 2
16 4 10
16 5 7
16 6 5
16 7 3
16 8 9
16 10 6
16 11 2
16 12 8
16 13 4
16 14 2
16 15 2
16 19 2
17 1 8
17 2 9
17 4 9
17 5 7
17 6 10
17 7 1
17 9 6
17 10 9
17 11 10
17 12 9
17 14 6
17 15 3
17 16 9
17 18 6
18 15 3
19 3 7
19 4 10
19 5 10
19 9 5
19 10 2
19 13 1
19 14 7
19 18 2
