20
163
0 3 3
0 4 3
0 5 2
0 6 9
0 7 7
0 8 9
0 9 2
0 10 8
0 11 7
0 12 4
0 13 2
0 14 4
0 15 7
0 17 7
0 18 3
0 19 8
1 8 6
2 1 8
2 14 1
3 2 5
3 8 1
3 14 3
4 2 2
4 3 10
4 5 2
4 6 1
4 8 6
4 9 3
4 10 5
4 12 10
4 13 8
4 14 2
4 16 5
4 17 1
4 18 6
4 19 8
5 1 4
5 2 5
5 3 1
5 6 7
5 8 3
5 10 6
5 12 9
5 13 3
5 14 5
5 19 9
6 2 5
6 3 10
6 8 2
6 9 2
6 14 8
7 1 9
7 2 6
7 3 6
7 4 2
7 6 1
7 9 10
7 10 9
7 11 2
7 12 3
7 13 9
7 14 7
7 16 10
7 17 8
7 19 8
9 1 4
9 2 7
9 8 3
9 14 5
10 1 2
10 2 4
10 3 6
10 6 7
10 8 8
10 9 10
10 13 6
10 14 1
10 18 8
11 1 8
11 2 8
11 3 1
11 4 5
11 5 3
11 6 6
11 8 5
11 10 6
11 12 4
11 13 7
11 14 4
11 15 7
11 17 3
11 18 7
11 19 1
12 1 2
12 2 8
12 3 10
12 6 4
12 8 8
12 9 9
12 10 7
12 13 7
12 19 7
13 1 4
13 2 1
13 3 3
13 6 10
13 8 2
13 9 1
13 14 3
13 18 7
14 1 4
14 8 6
15 1 7
15 2 9
15 3 4
15 4 8
15 5 4
15 8 1
15 9 6
15 10 1
15 12 6
15 13 8
15 14 8
15 16 5
15 17 9
15 18 9
15 19 3
16 1 6
16 2 10
16 3 5
16 5 1
16 9 5
16 12 2
16 13 1
16 14 3
16 17 10
16 18 8
16 19 8
17 2 10
17 3 3
17 6 2
17 10 5
17 12 6
17 13 9
17 14 5
17 18 6
17 19 7
18 1 9
18 2 5
18 3 7
18 6 9
18 8 7
18 9 4
18 14 9
19 1 4
19 2 2
19 3 10
19 6 2
19 8 3
19 9 4
19 13 1
19 14 7
19 18 10
