20
159
0 1 4
0 2 4
0 3 9
0 4 9
0 5 6
0 7 3
0 8 2
0 9 7
0 10 2
0 11 10
0 12 6
0 13 9
0 14 1
0 15 9
0 16 3
0 17 2
0 18 7
1 2 1
1 3 4
1 4 8
1 6 1
1 7 10
1 10 3
1 11 3
1 12 5
1 13 10
1 14 8
1 15 2
1 16 5
1 17 8
1 18 2
1 19 1
2 3 9
2 6 10
2 9 3
2 10 4
2 14 2
2 15 9
2 16 2
2 18 6
2 19 3
4 3 8
4 18 1
5 1 1
5 2 10
5 3 6
5 4 3
5 6 3
5 7 3
5 8 1
5 9 3
5 10 4
5 11 3
5 13 9
5 14 6
5 15 6
5 16 3
5 18 8
5 19 4
6 3 3
6 9 5
6 16 3
6 18 10
7 2 8
7 3 2
7 6 5
7 9 10
7 10 3
7 12 10
7 15 5
7 16 7
7 18 2
8 3 4
8 4 3
8 6 8
8 7 8
8 10 10
8 11 7
8 12 10
8 13 1
8 14 10
8 15 8
8 16 2
8 17 2
8 18 9
8 19 5
9 3 5
9 4 7
9 16 6
9 18 4
10 3 7
10 4 7
10 6 4
10 9 1
10 12 1
10 14 10
10 16 1
10 18 10
10 19 5
11 2 7
11 6 2
11 7 2
11 10 3
11 12 9
11 14 8
11 15 5
11 16 2
11 18 7
11 19 6
12 3 4
12 4 5
12 6 10
12 9 8
12 18 9
13 2 10
13 3 1
13 4 1
13 6 8
13 7 4
13 9 7
13 10 8
13 11 8
13 12 2
13 14 4
13 15 1
13 16 4
13 17 3
13 18 1
13 19 9
14 3 1
14 6 9
14 9 2
14 12 1
14 16 6
14 18 10
14 19 3
15 3 5
15 6 10
15 9 4
15 12 9
15 14 8
15 16 4
15 19 4
16 4 7
16 18 5
17 2 9
17 3 3
17 7 6
17 9 2
17 10 10
17 12 4
17 15 3
17 16 9
17 19 2
19 3 3
19 4 7
19 12 8
19 16 10
19 18 6
