20
148
0 1 1
0 2 9
0 3 1
0 4 7
0 5 10
0 6 6
0 7 1
0 8 6
0 10 7
0 11 3
0 15 7
0 16 9
0 18 3
0 19 5
1 4 6
1 6 6
1 7 8
1 13 1
1 14 2
1 15 8
1 17 6
2 1 6
2 3 2
2 4 10
2 5 2
2 7 8
2 8 7
2 9 9
2 10 4
2 11 3
2 12 8
2 13 7
2 14 9
2 16 5
2 17 2
2 18 2
2 19 1
3 1 3
3 11 1
3 14 7
3 17 5
5 1 4
5 3 3
5 6 6
5 8 9
5 9 9
5 10 9
5 11 9
5 12 1
5 16 10
5 17 10
5 18 10
5 19 7
6 4 9
6 7 9
6 14 1
7 4 4
8 1 7
8 4 5
8 6 9
8 7 7
8 12 7
8 15 2
8 17 8
9 3 8
9 4 4
9 6 10
9 7 6
9 11 10
9 12 1
9 13 3
9 14 5
9 17 5
9 18 8
10 1 9
10 4 7
10 7 4
10 11 8
10 13 6
10 15 9
10 17 1
11 4 5
11 6 4
11 7 6
11 14 10
11 15 3
12 1 5
12 3 1
12 4 3
12 6 4
12 7 8
12 13 3
12 14 5
12 15 8
12 17 8
13 4 7
13 6 10
13 7 7
13 14 4
14 4 2
15 4 8
15 6 5
15 7 10
15 13 3
15 14 1
16 1 7
16 3 5
16 4 5
16 6 7
16 7 6
16 10 9
16 11 4
16 12 7
16 13 4
16 14 7
16 15 6
16 17 3
16 18 10
17 7 5
17 11 10
17 13 8
17 14 2
17 15 8
18 1 4
18 3 8
18 4 3
18 6 6
18 7 8
18 8 3
18 10 5
18 11 4
18 12 10
18 13 5
18 15 1
18 17 7
19 1 4
19 3 7
19 4 9
19 6 4
19 7 7
19 8 3
19 9 6
19 10 10
19 11 9
19 12 5
19 14 1
19 16 9
19 18 7
