20
149
0 1 9
0 2 8
0 3 7
0 4 8
0 5 3
0 6 6
0 7 10
0 8 5
0 9 1
0 13 2
0 14 10
0 15 1
0 16 3
0 17 4
0 18 9
0 19 3
1 2 10
1 4 4
1 5 5
1 6 7
1 7 6
1 8 8
1 9 10
1 10 1
1 15 4
1 16 9
1 17 2
1 18 5
1 19 5
2 3 3
2 5 4
2 7 6
2 10 1
2 14 10
2 15 1
2 19 10
3 7 1
3 10 9
3 14 2
3 15 2
4 2 9
4 3 2
4 5 5
4 7 3
4 10 6
4 11 3
4 12 5
4 13 6
4 14 8
4 15 7
4 19 6
5 15 7
6 2 10
6 3 9
6 4 10
6 5 4
6 7 5
6 10 10
6 11 4
6 12 2
6 13 1
6 14 2
6 15 10
6 19 6
7 5 3
7 10 2
7 14 7
7 15 5
8 2 10
8 4 8
8 5 3
8 6 7
8 7 8
8 10 9
8 12 1
8 13 3
8 14 8
8 15 10
8 16 9
8 17 9
8 18 5
9 3 9
9 5 10
9 6 10
9 8 3
9 10 7
9 11 1
9 14 3
9 15 10
9 16 3
9 17 1
9 18 10
9 19 8
10 5 1
10 19 5
11 3 5
11 10 3
11 14 3
12 2 6
12 3 6
12 10 3
12 11 4
12 14 8
12 15 10
12 19 9
13 2 2
13 3 2
13 7 3
13 10 10
13 11 5
13 12 6
13 14 5
13 19 8
14 5 3
14 15 7
14 19 5
16 2 4
16 4 10
16 5 7
16 7 8
16 10 5
16 11 10
16 12 10
16 13 5
16 14 1
16 15 7
16 17 2
16 18 5
16 19 5
17 3 3
17 4 1
17 6 9
17 10 2
17 11 8
17 12 5
17 14 6
17 15 4
17 19 10
18 2 2
18 5 9
18 7 3
18 10 3
18 11 1
18 13 5
18 14 5
18 15 10
18 17 5
19 5 5
19 15 8
