20
162
0 1 10
0 2 5
0 3 6
0 4 9
0 5 10
0 6 10
0 7 10
0 8 8
0 9 6
0 10 7
0 11 8
0 12 7
0 13 7
0 14 1
0 15 7
0 16 2
0 17 6
0 18 5
1 5 3
1 8 6
1 10 4
1 12 2
1 15 2
1 19 3
2 1 6
2 5 2
2 9 5
2 10 6
2 12 8
2 14 1
2 15 4
2 19 3
3 1 2
3 2 9
3 4 8
3 5 7
3 9 9
3 10 9
3 11 4
3 12 3
3 13 7
3 14 10
3 15 8
3 16 7
3 18 5
4 1 5
4 2 5
4 5 1
4 8 7
4 9 10
4 14 6
4 15 1
4 19 6
5 8 7
5 12 4
5 14 5
5 19 9
6 1 5
6 2 7
6 3 8
6 5 4
6 8 8
6 9 6
6 10 3
6 11 5
6 12 1
6 13 7
6 14 5
6 16 1
6 18 3
7 1 8
7 2 5
7 3 4
7 4 7
7 5 10
7 6 9
7 8 10
7 10 7
7 11 7
7 12 7
7 13 10
7 16 3
7 18 3
7 19 2
8 14 10
8 19 8
9 1 6
9 5 3
9 8 10
9 10 2
9 12 9
9 14 1
9 15 1
10 5 7
10 12 10
10 14 9
11 1 5
11 2 3
11 4 10
11 5 4
11 8 7
11 9 10
11 10 4
11 12 7
11 13 3
11 14 8
11 15 4
11 16 7
11 18 8
11 19 5
12 8 7
12 14 4
12 19 6
13 1 5
13 4 6
13 5 2
13 8 10
13 10 8
13 14 4
13 15 8
13 19 7
15 5 4
15 8 8
15 10 9
15 12 4
15 14 3
15 19 5
16 1 6
16 8 7
16 9 6
16 10 8
16 12 7
16 13 8
16 14 2
16 15 8
16 18 10
16 19 5
17 1 5
17 3 5
17 4 3
17 5 10
17 7 6
17 8 3
17 10 2
17 11 7
17 13 5
17 15 6
17 16 5
17 18 4
17 19 9
18 2 9
18 4 7
18 5 10
18 8 10
18 9 6
18 10 7
18 12 8
18 13 4
18 14 2
18 15 3
18 19 4
19 14 3
