20
163
0 1 1
0 2 6
0 3 3
0 4 9
0 6 2
0 7 8
0 8 4
0 9 7
0 10 4
0 11 1
0 12 5
0 13 2
0 14 4
0 15 5
0 16 5
0 17 2
0 18 5
0 19 3
1 11 7
2 5 8
2 7 5
2 8 5
2 11 2
2 12 3
2 13 2
2 14 3
2 15 3
2 16 2
2 18 10
3 1 3
3 2 1
3 4 9
3 5 10
3 9 8
3 10 1
3 11 4
3 12 2
3 13 5
3 14 10
3 15 1
3 16 2
3 17 2
3 18 5
3 19 5
4 1 10
4 5 3
4 7 9
4 11 9
4 12 5
4 13 8
4 14 3
4 15 6
4 16 6
4 17 5
5 1 4
5 7 4
5 14 6
6 1 3
6 2 6
6 3 8
6 5 4
6 7 9
6 8 1
6 9 4
6 10 1
6 11 8
6 12 5
6 14 4
6 15 9
6 17 5
6 18 4
6 19 5
7 1 1
7 11 7
7 14 9
8 1 6
8 4 8
8 5 5
8 7 9
8 11 3
8 12 7
8 13 8
8 14 4
8 15 4
8 16 1
8 17 9
8 18 4
9 1 2
9 4 7
9 5 4
9 7 1
9 8 6
9 11 9
9 12 4
9 13 2
9 15 1
9 17 9
9 18 10
9 19 8
10 1 6
10 2 5
10 4 5
10 5 2
10 7 9
10 9 8
10 11 4
10 12 9
10 14 3
10 15 4
10 16 4
10 17 7
10 18 9
10 19 5
12 1 7
12 5 2
12 11 4
12 14 9
12 15 6
13 7 2
13 11 3
13 12 1
13 14 3
13 15 4
13 16 4
13 18 8
14 1 6
14 11 10
15 1 6
15 5 6
15 11 2
15 14 10
16 1 6
16 5 4
16 11 8
16 12 9
16 15 9
17 1 6
17 5 7
17 7 2
17 11 2
17 12 1
17 13 9
17 14 8
17 15 4
17 16 8
17 18 5
18 1 3
18 7 4
18 11 6
18 12 5
18 14 2
18 15 6
18 16 3
19 1 7
19 4 3
19 5 3
19 7 5
19 12 5
19 13 10
19 14 4
19 16 3
19 17 2
19 18 4
