20
165
0 2 4
0 3 5
0 4 3
0 5 3
0 6 7
0 7 9
0 8 7
0 9 4
0 11 8
0 12 1
0 13 8
0 14 9
0 16 7
0 18 3
0 19 5
1 5 8
1 6 3
1 7 10
1 9 3
1 10 10
1 11 9
1 12 6
1 14 10
1 15 7
1 16 1
1 17 8
1 19 7
2 1 8
2 5 10
2 6 9
2 7 8
2 9 2
2 10 4
2 11 5
2 12 1
2 15 5
2 16 3
2 17 9
2 19 10
3 1 1
3 6 2
3 7 9
3 9 3
3 11 1
3 12 5
3 13 1
3 14 8
3 15 7
3 17 10
3 18 8
4 1 9
4 2 4
4 3 2
4 5 10
4 6 6
4 7 8
4 8 6
4 9 7
4 10 9
4 11 9
4 12 7
4 13 5
4 14 2
4 17 9
4 18 8
4 19 7
5 7 10
5 10 3
5 15 9
5 16 7
6 5 8
6 7 7
6 10 3
6 11 6
6 15 2
6 16 3
6 17 4
6 19 3
7 10 10
7 16 4
7 17 2
8 1 5
8 2 10
8 3 2
8 5 10
8 6 9
8 7 9
8 9 5
8 10 8
8 11 5
8 12 8
8 13 10
8 14 9
8 15 1
8 16 3
8 17 3
8 18 3
8 19 1
9 5 7
9 7 8
9 10 4
9 11 6
9 12 1
9 14 4
9 15 2
9 16 9
9 17 3
9 19 5
11 5 2
11 10 4
11 15 5
11 16 1
11 17 4
11 19 5
12 5 5
12 7 10
12 10 8
12 11 6
12 14 5
12 15 7
12 16 7
12 17 7
12 19 5
13 1 6
13 2 4
13 6 6
13 7 10
13 9 10
13 10 7
13 11 8
13 12 10
13 14 9
13 15 8
13 16 5
13 17 4
13 19 10
14 5 5
14 7 10
14 10 3
14 11 7
14 15 4
14 16 9
14 17 10
14 19 3
15 7 6
15 10 10
15 16 5
15 17 1
15 19 1
16 10 3
17 10 4
18 1 2
18 2 3
18 6 4
18 9 7
18 10 10
18 11 5
18 12 10
18 14 3
18 15 8
18 16 3
18 17 9
18 19 2
19 16 4
19 17 5
