20
159
0 1 7
0 2 7
0 3 7
0 4 9
0 6 5
0 7 7
0 8 2
0 9 8
0 10 10
0 11 7
0 12 10
0 13 8
0 14 1
0 17 9
0 18 7
0 19 10
1 2 3
1 3 6
1 4 4
1 5 1
1 7 1
1 8 9
1 9 6
1 10 7
1 11 10
1 14 8
1 15 2
1 18 6
1 19 3
2 3 8
2 4 4
2 5 5
2 7 10
2 8 3
2 11 5
2 16 6
2 17 3
2 18 4
3 7 8
3 14 6
3 17 3
3 18 7
4 7 5
4 11 9
4 14 9
4 16 1
5 3 5
5 8 9
5 14 9
5 16 2
6 1 10
6 2 2
6 3 6
6 4 2
6 5 4
6 7 1
6 8 2
6 9 3
6 10 7
6 11 10
6 13 6
6 15 4
6 16 4
6 17 6
6 18 7
8 3 3
8 4 1
8 7 4
8 11 6
8 14 3
8 16 5
8 17 10
8 18 7
9 2 6
9 3 4
9 4 2
9 5 1
9 7 8
9 8 5
9 11 6
9 14 3
9 16 1
9 17 9
9 18 6
10 2 5
10 3 3
10 4 6
10 7 2
10 9 7
10 11 5
10 14 3
10 16 9
10 18 2
11 7 3
12 2 3
12 3 10
12 4 10
12 5 7
12 6 3
12 7 7
12 8 7
12 9 4
12 10 8
12 11 5
12 13 9
12 14 7
12 15 7
12 16 4
12 17 5
12 18 6
12 19 9
13 1 1
13 2 10
13 3 5
13 4 10
13 5 7
13 7 6
13 9 10
13 10 2
13 14 10
13 15 7
13 16 5
13 19 7
14 7 3
14 11 10
14 16 2
15 2 4
15 3 8
15 5 10
15 7 8
15 8 10
15 9 2
15 10 10
15 14 4
15 16 8
15 18 10
15 19 7
16 7 7
17 4 9
17 7 10
17 11 3
17 14 10
17 16 8
17 18 1
18 4 10
18 7 3
18 11 5
18 14 10
18 16 4
19 3 6
19 4 5
19 5 10
19 7 4
19 8 8
19 9 8
19 11 3
19 14 8
19 16 10
19 17 4
