20
148
0 1 4
0 2 3
0 3 9
0 4 8
0 6 8
0 7 9
0 8 8
0 9 8
0 10 2
0 11 2
0 12 7
0 13 8
0 14 1
0 15 7
0 16 2
0 17 9
0 18 5
0 19 2
1 8 4
1 10 1
1 11 2
1 12 6
1 13 3
1 14 7
1 16 2
1 19 5
2 5 7
2 13 2
2 16 10
2 18 5
3 1 10
3 4 9
3 7 9
3 8 8
3 9 5
3 10 7
3 12 3
3 13 1
3 14 7
3 16 3
3 17 10
3 19 2
4 2 3
4 5 4
4 9 1
4 10 1
4 13 1
4 14 2
4 16 6
4 18 2
5 14 9
5 16 8
5 18 7
6 1 8
6 2 8
6 4 4
6 5 10
6 7 4
6 8 1
6 9 1
6 11 1
6 13 6
6 17 4
6 18 9
7 2 7
7 4 9
7 5 3
7 9 2
7 11 2
7 13 8
7 14 8
7 16 6
8 4 2
8 5 3
8 7 3
8 10 7
8 11 10
8 13 3
8 14 5
8 16 1
8 18 3
9 2 2
9 5 5
9 13 8
9 14 9
9 16 3
9 18 1
10 2 1
10 5 7
10 13 4
10 14 9
10 16 10
10 18 3
11 2 3
11 10 4
11 13 1
11 14 5
11 16 4
11 18 5
12 5 6
12 7 3
12 8 1
12 9 9
12 10 6
12 11 7
12 13 5
12 14 9
12 16 1
12 18 5
13 5 6
13 14 9
13 16 8
13 18 6
15 1 7
15 2 9
15 3 9
15 4 1
15 6 6
15 8 1
15 9 7
15 10 7
15 11 1
15 12 7
15 16 2
15 18 6
15 19 8
16 14 4
17 1 2
17 2 7
17 4 9
17 5 7
17 9 5
17 11 1
17 12 9
17 13 5
17 14 8
17 18 4
17 19 6
19 2 3
19 4 2
19 5 9
19 7 10
19 8 8
19 9 10
19 10 7
19 11 4
19 14 6
19 18 1
