20
170
0 2 2
0 3 9
0 4 8
0 5 5
0 7 6
0 8 3
0 9 8
0 10 10
0 11 10
0 12 1
0 13 1
0 14 9
0 15 5
0 16 9
0 17 9
0 18 1
0 19 9
1 9 10
2 1 7
2 4 1
2 5 2
2 6 4
2 7 10
2 8 8
2 9 4
2 10 3
2 11 1
2 13 5
2 15 3
2 18 9
3 1 4
3 2 10
3 4 10
3 5 6
3 6 9
3 7 3
3 8 2
3 11 8
3 13 1
3 15 8
3 16 4
3 17 2
3 18 2
4 1 3
4 6 2
4 7 5
4 9 5
4 10 9
4 13 5
4 18 10
5 1 3
5 4 2
5 6 2
5 7 8
5 9 5
5 10 8
5 11 6
5 13 1
5 15 7
5 18 5
6 1 2
6 9 10
7 1 9
7 9 3
7 10 5
7 15 9
7 18 2
8 1 7
8 4 3
8 5 10
8 6 2
8 7 5
8 9 2
8 10 1
8 11 4
8 13 3
8 15 9
8 18 6
10 1 5
10 6 1
10 9 8
10 13 7
10 18 1
11 4 4
11 6 3
11 7 3
11 9 9
11 10 5
11 13 7
11 15 4
12 1 5
12 3 3
12 4 8
12 5 8
12 6 7
12 7 10
12 8 3
12 9 7
12 11 10
12 13 2
12 14 4
12 17 8
12 18 1
12 19 5
13 1 8
13 6 4
14 1 6
14 2 6
14 3 5
14 4 2
14 5 9
14 6 2
14 7 3
14 8 8
14 9 7
14 10 2
14 11 5
14 13 6
14 15 2
14 16 5
14 17 1
14 18 3
14 19 5
15 1 10
15 6 7
15 9 1
15 13 7
15 18 7
16 1 1
16 2 4
16 4 8
16 5 4
16 6 2
16 7 9
16 8 1
16 9 6
16 10 9
16 11 2
16 13 3
16 15 2
16 17 7
16 18 2
16 19 3
17 1 7
17 2 4
17 4 10
17 5 2
17 6 5
17 7 8
17 10 5
17 11 4
17 13 8
17 15 10
17 18 5
18 1 9
18 6 7
18 13 5
19 1 3
19 2 7
19 4 8
19 5 7
19 6 10
19 7 10
19 8 2
19 9 6
19 10 3
19 11 9
19 15 6
19 17 8
19 18 8
