20
159
0 1 4
0 2 2
0 3 10
0 4 1
0 5 5
0 7 4
0 9 10
0 10 7
0 11 5
0 12 9
0 13 5
0 14 4
0 15 1
0 16 2
0 17 5
0 19 6
1 2 4
1 3 9
1 4 4
1 6 3
1 7 4
1 8 6
1 9 3
1 11 7
1 12 9
1 13 9
1 14 5
1 15 4
1 16 8
1 17 6
1 18 9
1 19 10
2 4 4
2 11 2
2 19 7
3 2 1
3 4 4
3 7 8
3 8 4
3 9 7
3 10 2
3 12 6
3 14 9
3 19 4
4 12 3
5 2 7
5 3 9
5 4 6
5 7 2
5 8 7
5 9 10
5 10 1
5 11 10
5 12 2
5 14 3
5 18 5
5 19 9
6 3 9
6 4 8
6 5 9
6 7 6
6 8 1
6 9 6
6 10 8
6 12 4
6 13 3
6 18 5
6 19 7
7 9 4
7 11 5
7 12 2
7 14 7
7 19 2
8 2 9
8 4 10
8 10 2
8 11 9
8 12 7
8 14 6
8 19 6
9 4 7
9 11 4
9 12 8
9 19 6
10 2 9
10 4 3
10 9 7
10 11 10
10 12 7
11 4 1
11 12 5
11 19 8
13 2 2
13 3 10
13 4 9
13 5 8
13 9 1
13 10 2
13 11 9
13 12 6
13 19 7
14 2 3
14 4 8
14 9 6
14 10 7
14 11 10
14 12 2
14 19 10
15 2 9
15 3 2
15 4 9
15 5 9
15 6 7
15 8 10
15 9 3
15 10 3
15 12 10
15 14 6
15 18 10
15 19 2
16 2 10
16 3 1
16 4 3
16 5 6
16 6 1
16 7 9
16 8 2
16 9 8
16 10 4
16 12 5
16 13 4
16 15 9
16 18 4
16 19 8
17 2 8
17 3 10
17 4 1
17 5 2
17 7 8
17 8 8
17 9 8
17 10 1
17 13 6
17 14 4
17 15 10
17 16 5
17 18 7
17 19 8
18 2 6
18 3 4
18 4 7
18 7 1
18 9 1
18 10 1
18 12 2
18 14 5
18 19 5
19 4 8
19 12 5
