20
155
0 1 4
0 2 5
0 3 2
0 4 9
0 5 5
0 6 10
0 7 8
0 8 7
0 10 10
0 11 5
0 14 7
0 15 9
0 16 7
0 17 5
0 19 1
1 2 7
1 7 10
1 13 4
1 17 2
1 19 8
2 13 5
3 1 3
3 2 4
3 7 2
3 11 8
3 17 5
3 18 8
3 19 5
4 1 5
4 2 5
4 5 4
4 7 2
4 11 4
4 15 1
4 18 10
4 19 8
5 1 4
5 2 8
5 7 3
5 11 1
5 15 9
5 17 8
5 18 3
5 19 4
6 1 7
6 2 2
6 3 10
6 4 10
6 5 5
6 7 3
6 9 5
6 11 3
6 12 3
6 13 9
6 15 5
6 16 1
6 17 10
7 2 4
7 13 1
8 1 6
8 2 8
8 4 2
8 5 9
8 7 5
8 11 6
8 12 8
8 13 9
8 15 4
8 17 9
8 18 2
8 19 6
9 1 3
9 3 8
9 4 1
9 5 9
9 7 9
9 11 5
9 13 1
9 18 9
9 19 8
10 1 9
10 2 8
10 3 8
10 4 3
10 5 6
10 6 7
10 9 4
10 11 8
10 12 4
10 13 1
10 15 1
10 16 3
10 17 7
10 18 2
10 19 8
11 1 6
11 2 10
11 7 4
11 13 1
11 17 8
12 1 10
12 2 10
12 3 2
12 4 6
12 5 5
12 7 2
12 9 8
12 13 8
12 15 3
12 16 9
12 17 4
12 18 9
12 19 2
14 1 6
14 2 9
14 3 8
14 4 10
14 5 10
14 8 1
14 9 8
14 11 7
14 12 2
14 13 8
14 15 10
14 16 6
14 17 9
14 18 9
14 19 6
15 1 7
15 2 7
15 7 2
15 13 3
15 17 3
15 18 10
15 19 3
16 2 1
16 3 2
16 4 6
16 5 3
16 9 10
16 11 1
16 13 1
16 17 5
16 18 5
16 19 4
17 2 2
17 7 9
17 13 3
17 19 6
18 1 10
18 2 10
18 13 10
19 2 3
19 7 6
19 13 7
