20
159
0 1 3
0 2 10
0 3 7
0 4 2
0 5 6
0 8 7
0 9 1
0 11 4
0 12 9
0 13 7
0 14 5
0 15 4
0 16 10
0 18 3
1 2 4
1 3 3
1 4 3
1 8 10
1 9 1
1 10 7
1 11 9
1 12 1
1 13 1
1 14 10
1 16 8
2 4 8
2 9 9
2 11 4
2 12 3
2 16 10
3 2 2
3 4 1
3 6 2
3 8 5
3 9 1
3 11 2
3 12 9
3 13 5
3 17 6
4 9 10
4 11 6
4 16 4
5 1 6
5 2 3
5 6 10
5 8 6
5 9 1
5 10 10
5 11 5
5 12 10
5 13 1
5 14 2
5 15 4
5 16 6
5 19 4
6 2 8
6 4 7
6 8 1
6 9 5
6 11 9
6 13 10
6 16 3
7 1 1
7 2 6
7 4 3
7 6 7
7 8 5
7 9 1
7 10 9
7 11 1
7 12 2
7 13 10
7 14 6
7 15 6
7 16 10
7 17 3
8 2 6
8 9 2
8 11 10
8 12 1
8 16 1
9 11 7
9 16 6
10 2 5
10 3 1
10 4 5
10 6 6
10 8 1
10 9 6
10 11 5
10 12 9
10 13 9
10 14 6
10 16 10
11 16 4
12 4 8
12 9 7
12 11 5
13 2 2
13 4 9
13 8 8
13 9 3
13 11 9
13 12 4
13 16 2
13 17 1
14 2 4
14 4 3
14 6 6
14 9 2
14 12 10
14 13 7
15 1 9
15 2 8
15 3 8
15 4 10
15 6 5
15 8 9
15 9 3
15 10 7
15 11 1
15 12 6
15 13 9
15 16 7
17 4 8
17 9 3
17 11 2
17 16 1
18 1 3
18 2 4
18 3 7
18 4 3
18 5 5
18 6 10
18 8 4
18 9 10
18 10 6
18 11 5
18 14 9
18 15 6
18 16 8
18 17 5
18 19 1
19 1 9
19 2 1
19 3 7
19 4 2
19 6 6
19 7 8
19 8 5
19 9 7
19 10 6
19 11 6
19 12 6
19 13 3
19 14 1
19 15 4
19 16 9
19 17 7
