20
156
0 1 10
0 2 6
0 3 1
0 4 8
0 5 7
0 6 6
0 7 1
0 8 2
0 9 8
0 11 9
0 14 8
0 15 4
0 17 2
0 18 4
0 19 10
1 3 1
1 5 2
1 6 4
1 7 7
1 8 7
1 9 8
1 10 8
1 11 10
1 12 3
1 13 5
1 14 7
1 16 1
1 18 2
1 19 4
2 3 2
2 4 4
2 5 9
2 6 10
2 7 8
2 8 10
2 10 1
2 12 1
2 13 2
2 14 6
2 15 5
2 16 5
2 17 10
2 18 9
3 5 10
3 8 3
3 10 7
3 13 6
3 14 2
4 3 8
4 5 9
4 6 10
4 14 8
4 15 2
4 17 10
5 10 4
5 13 1
6 3 6
6 5 1
6 7 5
6 8 5
6 10 3
6 14 5
7 3 3
7 5 8
7 8 1
7 10 4
7 13 4
7 14 7
9 2 7
9 3 9
9 4 9
9 6 6
9 7 10
9 8 4
9 10 10
9 11 8
9 14 2
9 15 10
9 18 8
9 19 9
11 2 8
11 3 6
11 4 7
11 6 2
11 7 1
11 10 10
11 12 7
11 13 3
11 14 7
11 15 5
11 17 6
11 18 8
11 19 8
12 3 2
12 4 2
12 5 10
12 6 5
12 7 3
12 8 7
12 10 1
12 13 5
12 14 5
12 15 2
12 16 10
12 18 4
12 19 7
13 8 10
13 10 6
14 8 2
14 10 4
14 13 8
15 3 4
15 5 6
15 6 8
15 7 8
15 8 5
15 13 8
15 14 5
16 3 2
16 4 9
16 5 4
16 6 5
16 7 9
16 8 1
16 10 7
16 13 3
16 15 10
16 19 10
17 6 5
17 7 1
17 8 10
17 10 10
17 13 6
17 14 1
17 15 8
18 3 10
18 4 7
18 5 9
18 6 3
18 7 2
18 8 7
18 13 2
18 14 9
18 15 8
18 16 8
18 17 4
18 19 8
19 3 4
19 4 6
19 5 9
19 6 8
19 8 3
19 13 9
19 14 1
19 15 2
19 17 10
