20
149
0 1 10
0 2 10
0 3 2
0 4 1
0 5 1
0 6 10
0 8 8
0 10 2
0 11 2
0 12 4
0 14 9
0 15 8
0 16 4
0 17 8
1 7 9
1 12 6
1 13 4
2 5 8
2 12 1
2 13 6
2 19 10
3 2 7
3 4 4
3 5 5
3 8 7
3 9 1
3 10 10
3 11 9
3 12 5
3 14 9
3 15 10
3 16 5
3 18 6
3 19 3
4 1 10
4 2 4
4 5 1
4 7 3
4 8 5
4 9 3
4 10 7
4 11 5
4 13 2
4 15 4
4 16 4
4 18 4
4 19 7
5 1 2
5 7 10
5 9 10
5 12 2
5 19 8
6 2 5
6 3 9
6 4 8
6 5 3
6 7 9
6 10 2
6 11 7
6 12 7
6 14 10
6 15 1
6 16 8
6 18 6
6 19 9
7 12 4
8 1 5
8 2 5
8 5 9
8 7 4
8 9 6
8 12 10
8 14 10
8 15 5
8 16 7
9 1 1
9 7 5
9 12 7
9 13 2
10 5 7
10 7 4
10 9 8
10 12 4
10 13 1
10 19 1
11 1 3
11 2 10
11 7 2
11 9 6
11 10 4
11 12 8
11 13 1
11 14 7
11 15 4
11 16 8
12 13 2
14 1 9
14 2 2
14 5 1
14 9 7
14 10 7
14 13 1
14 18 5
14 19 3
15 1 7
15 2 3
15 5 5
15 7 4
15 9 9
15 10 9
15 12 8
15 19 1
16 1 2
16 2 3
16 5 1
16 7 7
16 9 4
16 10 4
16 12 6
16 13 10
16 14 4
16 15 8
16 18 1
16 19 3
17 1 8
17 2 5
17 3 2
17 4 9
17 5 6
17 7 6
17 9 3
17 10 9
17 11 10
17 12 1
17 13 3
17 15 1
17 16 1
17 18 7
17 19 2
18 1 10
18 5 3
18 7 6
18 9 3
18 12 3
18 13 7
18 19 10
19 1 5
19 9 8
19 12 6
