20
159
0 1 1
0 2 5
0 3 7
0 5 10
0 7 8
0 8 4
0 10 9
0 12 7
0 13 9
0 14 8
0 15 6
0 16 1
0 18 7
1 3 1
1 4 3
1 6 7
1 7 10
1 9 1
1 12 7
2 1 4
2 3 7
2 4 2
2 6 1
2 7 2
2 8 6
2 10 7
2 11 5
2 12 4
2 13 2
2 14 1
2 15 4
2 16 2
2 17 10
2 19 1
3 6 5
4 3 6
4 6 3
4 7 10
4 12 9
5 1 3
5 2 8
5 3 2
5 4 1
5 6 6
5 7 5
5 8 1
5 9 4
5 10 4
5 11 1
5 12 1
5 13 10
5 15 10
5 16 9
5 17 7
5 19 4
7 12 7
8 3 5
8 4 1
8 6 3
8 7 7
8 9 10
8 12 2
9 4 3
9 7 7
9 12 2
10 1 3
10 3 1
10 4 7
10 6 7
10 7 3
10 8 10
10 9 5
10 12 8
11 1 5
11 3 5
11 4 5
11 6 2
11 7 1
11 8 2
11 9 1
11 12 5
11 15 6
12 3 6
12 6 7
13 1 4
13 3 2
13 4 7
13 6 3
13 7 3
13 8 8
13 9 3
13 12 1
13 14 1
13 15 7
13 17 6
14 1 6
14 3 7
14 6 5
14 7 6
14 8 10
14 10 10
14 12 4
15 3 3
15 4 8
15 8 5
15 10 7
15 12 3
15 14 9
16 3 2
16 4 6
16 6 4
16 7 7
16 8 6
16 9 4
16 10 9
16 11 6
16 12 4
16 13 4
16 14 1
16 15 2
16 17 4
16 19 7
17 1 10
17 4 1
17 6 4
17 7 4
17 8 5
17 9 8
17 11 2
17 12 7
17 14 1
17 15 6
18 1 5
18 2 9
18 5 7
18 6 2
18 7 2
18 9 1
18 10 4
18 11 9
18 12 10
18 13 4
18 14 8
18 15 5
18 16 10
18 17 2
18 19 5
19 1 9
19 3 5
19 4 8
19 6 1
19 7 5
19 8 1
19 9 3
19 10 7
19 11 10
19 12 10
19 13 7
19 17 1
