20
149
0 1 5
0 2 8
0 4 4
0 5 8
0 8 3
0 9 3
0 10 3
0 11 1
0 12 4
0 13 10
0 15 5
0 16 3
0 17 9
0 18 3
1 4 8
1 9 3
2 9 9
2 18 1
2 19 3
3 1 6
3 4 1
3 5 8
3 6 7
3 7 6
3 15 5
3 16 9
3 18 3
3 19 6
4 9 5
5 1 9
5 2 5
5 4 5
5 7 2
5 9 5
5 18 10
6 1 2
6 4 2
6 5 7
6 7 2
6 9 7
6 15 7
6 16 5
6 18 10
6 19 7
7 1 1
7 9 7
7 19 2
8 1 9
8 2 10
8 3 3
8 4 5
8 5 1
8 6 9
8 7 7
8 11 2
8 13 6
8 14 9
8 18 5
8 19 10
10 1 3
10 2 4
10 3 5
10 5 3
10 6 7
10 9 8
10 11 7
10 12 7
10 13 2
10 14 3
10 15 5
10 16 3
10 18 3
10 19 8
11 1 7
11 2 6
11 5 2
11 6 10
11 7 6
11 9 6
11 16 3
11 18 1
11 19 5
12 1 4
12 2 9
12 4 10
12 5 6
12 6 6
12 7 2
12 9 2
12 15 10
12 16 4
12 19 9
13 1 10
13 2 4
13 3 7
13 4 7
13 5 1
13 6 9
13 7 10
13 12 1
13 15 5
13 16 2
13 18 7
13 19 5
14 1 5
14 2 6
14 3 3
14 4 8
14 5 9
14 6 8
14 7 4
14 11 5
14 12 7
14 13 2
14 15 7
14 16 8
14 18 5
15 1 4
15 5 2
15 7 4
15 9 4
15 16 1
15 18 8
15 19 2
16 1 4
16 2 1
16 9 6
16 18 4
17 1 2
17 5 9
17 6 2
17 7 3
17 8 4
17 9 10
17 10 3
17 11 10
17 12 7
17 13 9
17 14 6
17 15 3
17 16 9
17 19 9
18 1 2
18 4 4
18 7 1
18 9 4
18 19 8
19 1 4
19 4 8
