20
162
0 1 6
0 2 9
0 3 6
0 4 7
0 5 8
0 7 10
0 8 2
0 9 7
0 10 2
0 12 6
0 13 3
0 14 4
0 15 3
0 16 4
0 17 5
0 18 3
1 2 3
1 3 9
1 4 7
1 5 7
1 8 1
1 9 8
1 10 4
1 11 7
1 12 3
1 13 5
1 14 7
1 15 4
1 16 8
1 19 8
3 2 8
3 5 10
3 13 2
4 3 1
4 5 2
4 6 9
4 10 6
4 12 5
4 13 1
4 14 4
4 15 9
4 16 6
4 19 7
5 2 7
5 13 6
6 2 9
6 5 7
6 9 8
6 12 4
6 13 9
6 14 6
6 15 6
6 16 3
6 19 2
7 2 2
7 3 6
7 4 4
7 5 2
7 9 6
7 10 2
7 13 7
7 14 4
7 15 3
7 16 8
7 19 1
8 2 1
8 4 3
8 5 1
8 6 3
8 7 10
8 9 5
8 10 3
8 12 7
8 13 10
8 15 6
8 16 6
8 19 7
9 2 9
9 5 9
9 12 2
9 13 6
9 14 8
9 16 6
9 19 1
10 2 5
10 3 8
10 5 10
10 6 4
10 9 6
10 13 5
10 14 2
10 15 7
10 16 10
10 19 7
11 2 9
11 3 4
11 4 3
11 5 3
11 6 1
11 7 2
11 9 4
11 10 8
11 12 8
11 13 6
11 15 6
11 16 1
11 19 4
12 3 8
12 5 1
12 13 5
12 14 9
12 15 9
12 16 3
12 19 5
13 2 2
14 2 9
14 3 4
14 5 9
14 13 4
14 19 5
15 2 2
15 3 6
15 5 6
15 13 3
15 19 8
16 2 7
16 3 1
16 5 2
16 13 1
16 15 7
16 19 10
17 1 1
17 3 3
17 5 6
17 6 6
17 7 2
17 8 4
17 9 5
17 10 8
17 11 8
17 12 10
17 13 9
17 14 1
17 15 10
17 18 5
18 1 7
18 2 9
18 3 2
18 4 4
18 5 7
18 6 1
18 8 9
18 9 7
18 10 6
18 11 6
18 12 8
18 13 3
18 14 1
18 19 7
19 2 8
19 3 4
19 5 2
