20
155
0 1 3
0 2 6
0 3 8
0 4 9
0 5 1
0 6 8
0 7 8
0 8 1
0 9 5
0 10 1
0 11 5
0 12 4
0 13 2
0 14 6
0 15 3
0 17 3
0 18 1
0 19 4
1 2 8
1 3 8
1 9 5
1 12 10
1 13 1
1 15 4
1 16 10
1 17 4
1 18 9
1 19 3
3 2 2
4 1 1
4 2 5
4 3 8
4 5 5
4 6 6
4 7 3
4 8 8
4 9 3
4 10 4
4 11 3
4 13 9
4 14 5
4 16 9
4 18 7
4 19 7
5 2 6
5 3 10
5 10 9
5 11 6
5 13 2
5 15 4
5 16 7
5 17 1
5 18 3
6 1 10
6 2 7
6 3 2
6 8 2
6 9 1
6 10 5
6 11 8
6 12 9
6 14 9
6 15 7
6 16 5
6 17 10
6 19 6
7 1 10
7 3 6
7 5 3
7 6 6
7 8 5
7 9 6
7 10 2
7 11 2
7 12 7
7 13 1
7 16 2
7 17 3
7 18 6
8 1 10
8 2 7
8 3 7
8 9 10
8 10 2
8 12 2
8 13 4
8 14 9
8 16 2
8 17 6
8 18 6
8 19 3
9 2 4
9 3 9
9 14 3
9 15 10
9 16 8
9 17 2
9 18 7
10 3 2
10 13 4
10 14 4
10 15 8
10 16 3
10 17 8
10 18 6
10 19 9
11 1 9
11 2 5
11 3 1
11 9 5
11 10 5
11 12 5
11 14 10
11 15 9
11 18 10
11 19 3
12 10 4
12 13 1
12 14 7
12 16 7
12 17 9
12 18 2
12 19 8
13 2 7
13 3 1
13 18 6
13 19 3
14 2 8
14 3 3
14 13 2
14 16 1
14 17 7
14 18 3
14 19 7
15 2 10
15 3 8
15 13 9
15 14 4
15 16 10
15 17 8
15 18 5
15 19 4
16 2 7
16 3 1
16 18 2
16 19 6
17 3 5
17 13 3
17 16 4
17 18 10
17 19 4
18 2 8
18 3 5
19 2 6
19 3 6
