20
155
0 1 5
0 2 1
0 3 5
0 4 1
0 5 5
0 6 10
0 8 8
0 9 5
0 10 8
0 11 10
0 12 1
0 13 6
0 14 5
0 15 9
0 16 1
0 17 4
0 18 2
0 19 1
1 3 3
1 4 7
1 5 1
1 6 4
1 7 9
1 8 7
1 11 9
1 12 2
1 15 8
1 16 3
1 17 8
1 18 8
1 19 3
2 1 6
2 3 6
2 4 6
2 6 6
2 7 6
2 9 10
2 10 3
2 11 1
2 14 1
2 17 9
2 19 7
3 8 6
3 12 9
3 13 10
3 15 4
3 16 10
4 3 4
4 6 9
4 8 7
4 10 4
4 11 5
4 12 5
4 17 2
4 19 6
5 3 10
5 4 3
5 6 2
5 8 3
5 10 2
5 11 3
5 13 5
5 15 7
5 16 4
5 17 5
5 19 3
6 3 6
6 8 2
6 11 8
6 12 1
6 13 6
6 15 4
6 16 9
6 17 7
7 3 4
7 4 8
7 5 5
7 6 9
7 8 10
7 9 5
7 10 4
7 11 9
7 12 2
7 13 2
7 15 8
7 16 7
7 17 10
7 19 9
8 17 7
9 3 9
9 8 7
9 11 9
9 12 8
9 13 1
9 15 3
9 16 5
9 17 6
9 19 6
10 6 9
10 8 8
10 11 2
10 12 10
10 13 10
10 16 5
10 17 7
11 15 9
11 17 4
12 11 4
12 15 10
12 16 3
12 17 9
13 11 3
13 12 3
13 15 10
13 16 3
13 17 9
14 3 1
14 4 5
14 5 2
14 6 7
14 7 8
14 9 6
14 10 9
14 11 8
14 12 7
14 13 4
14 15 5
14 16 1
14 17 8
14 18 4
14 19 6
15 8 10
16 8 8
18 3 6
18 5 9
18 6 10
18 7 6
18 8 1
18 9 2
18 10 2
18 11 9
18 13 9
18 15 1
18 16 2
18 17 8
18 19 2
19 3 9
19 6 2
19 8 2
19 10 3
19 12 1
19 13 5
19 15 4
19 16 3
19 17 4
