20
154
0 1 1
0 2 6
0 3 5
0 4 9
0 5 6
0 6 8
0 8 2
0 9 5
0 11 3
0 12 10
0 13 8
0 14 4
0 15 5
0 16 2
0 19 6
1 2 8
1 5 10
1 6 2
1 15 2
1 18 5
1 19 3
2 18 4
2 19 3
3 1 6
3 2 2
3 5 10
3 15 1
3 18 5
3 19 3
4 3 5
4 5 2
4 6 8
4 7 7
4 8 1
4 9 2
4 10 10
4 11 9
4 12 6
4 13 2
4 15 1
4 16 3
4 17 3
4 18 6
4 19 2
5 2 9
5 15 5
5 19 8
6 2 4
6 15 5
6 18 8
6 19 2
7 1 4
7 2 10
7 3 5
7 5 8
7 15 6
7 18 1
7 19 7
8 1 10
8 2 8
8 3 9
8 5 4
8 6 6
8 7 2
8 9 3
8 11 4
8 12 6
8 15 4
8 16 5
8 17 9
8 19 1
9 1 2
9 2 7
9 3 8
9 6 4
9 18 7
9 19 6
10 1 2
10 2 1
10 5 3
10 6 4
10 7 10
10 8 5
10 9 9
10 11 6
10 12 1
10 15 5
10 16 6
10 18 8
10 19 10
11 1 10
11 2 7
11 3 2
11 5 5
11 6 8
11 7 6
11 9 8
11 15 3
11 16 10
11 18 6
11 19 1
12 1 6
12 3 10
12 5 1
12 6 4
12 7 7
12 9 1
12 11 5
12 15 3
12 16 6
12 17 6
12 18 3
12 19 7
13 1 8
13 2 3
13 3 4
13 5 5
13 7 9
13 9 8
13 11 4
13 12 6
13 16 4
13 17 8
13 18 9
13 19 1
14 1 6
14 4 6
14 5 6
14 8 2
14 9 9
14 10 5
14 11 9
14 12 9
14 13 10
14 16 3
14 17 6
14 18 5
15 18 6
15 19 2
16 1 4
16 3 3
16 7 7
16 9 6
16 15 2
16 18 7
17 1 2
17 5 2
17 6 2
17 9 6
17 11 6
17 15 7
17 16 9
17 18 10
17 19 8
