20
158
0 1 8
0 2 4
0 3 1
0 4 7
0 5 10
0 6 3
0 8 5
0 9 3
0 11 3
0 12 3
0 13 1
0 14 7
0 15 10
0 16 5
0 17 9
0 18 7
0 19 1
1 3 2
1 4 8
1 7 8
1 17 5
2 1 3
2 5 4
2 7 9
2 8 4
2 16 9
2 18 8
2 19 7
3 17 7
4 3 7
4 7 9
4 17 4
5 1 5
5 3 8
5 7 4
6 1 2
6 3 8
6 4 2
6 5 1
6 7 6
6 8 6
6 10 3
6 11 7
6 12 8
6 13 4
6 15 2
6 16 5
6 17 2
6 19 4
7 17 9
8 1 10
8 4 8
8 5 7
8 17 7
8 19 9
9 1 2
9 3 9
9 5 3
9 7 3
9 8 8
9 10 7
9 11 2
9 12 7
9 13 4
9 14 7
9 16 4
9 17 7
9 18 4
9 19 3
10 2 9
10 3 2
10 5 7
10 7 3
10 8 7
10 12 9
10 13 6
10 16 2
10 17 7
10 18 8
11 1 3
11 2 2
11 3 4
11 4 4
11 5 9
11 7 1
11 8 8
11 10 5
11 12 2
11 13 4
11 17 6
11 18 6
11 19 4
12 1 10
12 2 4
12 3 4
12 4 1
12 5 2
12 7 10
12 8 7
12 16 8
12 17 3
12 18 4
12 19 3
13 1 1
13 2 10
13 3 10
13 4 3
13 5 2
13 7 3
13 12 1
13 17 10
13 18 6
13 19 5
14 1 7
14 2 10
14 3 10
14 4 9
14 5 8
14 7 3
14 8 4
14 12 6
14 13 10
14 15 7
14 16 5
14 17 2
14 18 5
14 19 4
15 1 9
15 2 2
15 3 7
15 4 2
15 5 10
15 7 7
15 8 2
15 10 7
15 11 2
15 13 3
15 16 10
15 18 8
15 19 9
16 1 2
16 3 6
16 4 3
16 5 9
16 7 7
16 8 7
16 18 3
16 19 10
18 3 2
18 4 7
18 5 10
18 7 1
18 17 2
18 19 7
19 1 8
19 4 4
19 7 3
19 17 3
