20
154
0 1 6
0 6 7
0 8 6
0 9 7
0 10 5
0 11 1
0 12 6
0 13 1
0 14 8
0 15 10
0 16 2
0 17 5
0 18 10
0 19 4
1 17 2
1 18 10
2 1 1
2 3 1
2 6 3
2 7 4
2 8 1
2 9 7
2 10 7
2 11 5
2 12 7
2 14 8
2 15 9
2 16 10
2 17 6
2 18 7
2 19 7
3 1 8
3 5 6
3 6 2
3 7 2
3 8 8
3 10 2
3 11 5
3 12 7
3 14 6
3 15 2
3 16 9
3 17 9
3 18 4
3 19 9
4 1 5
4 5 9
4 7 2
4 8 7
4 10 8
4 17 1
4 18 8
5 1 9
5 8 4
5 18 5
6 1 8
6 5 5
6 7 4
6 8 9
6 10 8
6 11 5
6 12 1
6 14 4
6 16 8
6 17 10
6 18 1
7 1 3
7 5 1
7 10 4
7 17 4
7 18 10
8 1 9
8 17 7
8 18 4
9 4 4
9 5 6
9 6 7
9 7 6
9 8 3
9 10 1
9 11 10
9 12 7
9 14 7
9 15 3
9 16 2
9 19 6
10 5 8
10 8 6
10 17 9
10 18 1
11 4 10
11 7 5
11 8 7
11 12 5
11 14 3
11 15 6
11 17 5
11 18 2
11 19 5
12 4 7
12 7 3
12 8 3
12 10 4
12 17 6
12 18 7
13 2 9
13 3 1
13 4 2
13 5 2
13 6 6
13 7 6
13 9 6
13 10 10
13 11 5
13 12 2
13 14 2
13 16 3
13 17 5
13 18 2
13 19 1
14 5 4
14 8 3
14 10 1
14 12 6
14 15 2
14 18 4
14 19 7
15 1 8
15 4 6
15 5 8
15 7 10
15 8 2
15 10 4
15 17 1
15 18 6
15 19 5
16 1 8
16 5 2
16 10 9
16 11 10
16 12 3
16 14 1
16 15 1
16 17 9
16 19 1
19 1 2
19 4 7
19 5 4
19 7 3
19 8 3
19 10 1
19 12 7
19 17 2
19 18 3
