20
151
0 1 1
0 2 6
0 3 10
0 4 3
0 5 1
0 7 4
0 8 1
0 9 5
0 10 9
0 11 6
0 12 9
0 13 7
0 14 8
0 15 2
0 16 8
0 17 10
0 18 7
0 19 1
2 1 4
2 3 7
2 8 5
2 12 9
2 19 6
3 1 1
3 8 6
3 19 4
4 1 2
4 3 8
4 8 7
4 16 6
4 19 5
5 1 8
5 2 3
5 4 9
5 8 4
5 12 3
5 19 10
6 1 8
6 2 1
6 3 6
6 4 6
6 12 9
6 16 1
6 19 4
7 1 3
7 2 8
7 3 7
7 4 5
7 5 4
7 11 5
7 12 9
7 16 10
7 19 1
8 1 2
9 1 4
9 2 9
9 3 3
9 4 1
9 5 6
9 8 1
9 11 9
9 12 6
9 16 10
9 19 10
10 1 5
10 3 9
10 4 8
10 5 2
10 6 3
10 7 2
10 8 2
10 9 7
10 11 7
10 13 8
10 16 3
10 18 8
10 19 1
11 2 8
11 4 1
11 6 3
11 12 5
11 19 3
12 8 9
12 19 7
13 1 3
13 3 3
13 4 3
13 5 2
13 6 6
13 7 5
13 9 7
13 12 1
13 16 4
13 19 2
14 1 4
14 2 5
14 3 10
14 4 7
14 5 9
14 7 7
14 8 2
14 9 1
14 10 6
14 11 10
14 12 4
14 13 7
14 17 9
14 18 4
14 19 5
15 1 6
15 2 8
15 3 9
15 4 2
15 5 4
15 6 10
15 7 8
15 8 2
15 9 8
15 11 3
15 12 10
15 13 8
15 16 5
16 1 3
16 3 3
16 8 10
16 12 6
16 19 9
17 1 9
17 2 7
17 3 8
17 4 5
17 7 1
17 8 7
17 10 4
17 11 1
17 12 7
17 13 7
17 15 4
17 18 10
18 2 4
18 3 9
18 5 3
18 6 7
18 7 7
18 8 5
18 9 1
18 11 7
18 13 3
18 15 2
18 19 5
19 8 1
