20
160
0 1 2
0 3 10
0 4 4
0 5 1
0 6 9
0 7 8
0 8 3
0 9 3
0 10 1
0 11 9
0 12 10
0 13 6
0 15 4
0 16 7
0 17 10
0 18 3
0 19 7
1 2 8
1 3 1
1 4 3
1 5 9
1 6 10
1 7 6
1 8 8
1 9 2
1 10 5
1 11 3
1 12 4
1 13 1
1 15 8
1 16 9
1 17 4
1 19 2
2 3 2
2 7 3
2 8 2
2 9 9
2 11 7
2 16 2
2 17 9
3 7 1
3 8 10
3 9 1
3 11 10
4 2 10
4 3 4
4 6 1
4 8 7
4 9 9
4 11 3
4 16 3
4 19 6
5 2 1
5 3 3
5 4 7
5 9 5
5 10 9
5 11 2
5 12 2
5 14 10
5 16 5
5 18 9
5 19 9
6 2 6
6 3 8
6 7 9
6 8 10
6 9 3
6 11 3
6 16 5
6 17 7
7 11 9
7 16 8
8 9 7
8 11 1
10 2 1
10 3 7
10 4 4
10 6 4
10 9 3
10 11 7
10 12 8
10 14 9
10 16 6
10 17 3
10 19 10
11 9 3
12 2 4
12 4 8
12 6 7
12 7 6
12 8 10
12 9 7
12 11 7
12 16 7
12 17 9
13 2 1
13 3 1
13 4 10
13 5 8
13 6 10
13 7 5
13 8 8
13 9 7
13 11 2
13 12 1
13 14 6
13 16 2
13 17 7
13 18 9
13 19 2
14 3 7
14 4 3
14 6 10
14 7 10
14 8 5
14 9 2
14 11 6
14 12 7
14 16 8
14 19 6
15 2 7
15 3 5
15 4 7
15 5 3
15 7 10
15 8 9
15 10 2
15 11 2
15 12 2
15 13 7
15 17 5
15 19 7
16 11 8
17 3 7
17 7 8
17 9 6
17 11 3
17 16 5
18 2 4
18 6 6
18 7 10
18 8 2
18 9 7
18 10 7
18 11 10
18 12 1
18 14 3
18 16 4
18 17 6
18 19 7
19 2 4
19 3 10
19 6 6
19 7 5
19 8 3
19 9 5
19 11 10
19 16 7
19 17 9
