20
161
0 1 4
0 4 10
0 5 5
0 6 8
0 7 3
0 8 2
0 10 7
0 11 2
0 12 1
0 13 6
0 14 2
0 15 5
0 16 5
0 17 5
0 18 3
0 19 10
1 10 5
1 13 5
2 1 8
2 12 8
2 13 6
3 8 7
3 9 6
3 10 6
3 11 5
3 12 1
3 13 6
3 14 7
3 15 6
3 16 6
3 17 2
3 18 7
4 1 9
4 2 8
4 8 7
4 11 9
4 12 6
4 13 3
4 14 2
5 1 9
5 2 7
5 4 4
5 7 3
5 8 4
5 9 7
5 10 5
5 12 8
5 13 3
5 14 6
5 16 6
5 17 3
5 18 10
5 19 2
6 3 8
6 4 4
6 5 6
6 7 3
6 8 5
6 9 1
6 10 6
6 11 10
6 12 1
6 13 6
6 14 6
6 15 10
6 16 2
6 17 3
6 18 3
6 19 2
7 1 2
7 2 5
7 4 2
7 8 3
7 9 6
7 10 10
7 11 1
7 12 8
7 13 10
7 14 6
7 15 3
7 16 6
7 17 4
7 18 2
7 19 5
8 2 6
8 10 6
8 12 7
8 13 4
9 1 8
9 4 10
9 8 8
9 11 8
9 12 7
9 14 4
9 16 10
9 18 10
11 1 3
11 2 7
11 8 4
11 10 4
11 12 3
11 13 2
12 1 2
12 10 2
14 1 3
14 2 8
14 8 8
14 10 6
14 12 4
14 13 6
15 1 10
15 2 3
15 4 6
15 8 7
15 10 9
15 11 2
15 12 8
15 13 10
15 14 1
16 1 7
16 2 5
16 4 9
16 8 4
16 10 2
16 11 5
16 12 6
16 13 9
16 14 1
16 15 10
17 1 2
17 2 10
17 4 2
17 8 10
17 10 7
17 11 3
17 13 7
17 14 7
17 15 2
17 16 2
17 18 7
18 2 9
18 4 1
18 8 9
18 10 8
18 11 6
18 12 9
18 13 2
18 14 10
18 15 7
19 1 10
19 2 8
19 3 3
19 4 3
19 8 3
19 9 6
19 10 1
19 13 9
19 14 3
19 15 1
19 16 6
19 18 2
