20
150
0 1 3
0 3 4
0 4 4
0 7 1
0 8 3
0 10 6
0 11 7
0 12 4
0 13 3
0 14 6
0 15 10
0 16 5
0 18 6
0 19 1
2 1 10
3 1 5
3 2 5
3 5 9
3 8 9
3 17 8
4 1 6
4 3 6
4 5 3
4 6 10
4 7 6
4 8 7
4 9 5
4 10 4
4 11 7
4 12 1
4 13 7
4 14 8
4 15 1
4 16 3
4 17 9
4 18 9
4 19 8
5 1 3
5 2 4
5 8 10
6 1 2
6 3 3
6 5 2
6 7 8
6 8 9
6 9 1
6 10 4
6 12 3
6 14 1
6 15 4
6 16 2
6 17 4
6 18 4
6 19 5
7 1 8
7 3 1
7 5 6
7 8 7
7 18 7
7 19 4
8 1 3
9 1 7
9 2 1
9 3 10
9 5 8
9 8 6
9 17 8
9 18 1
9 19 5
10 2 7
10 9 1
10 11 9
10 12 8
10 14 3
10 15 2
10 17 8
10 18 5
10 19 1
11 1 1
11 2 6
11 3 2
11 5 9
11 7 10
11 12 8
11 15 6
11 17 2
11 19 7
12 1 4
12 3 10
12 5 5
12 18 7
12 19 10
13 2 1
13 3 6
13 5 2
13 6 7
13 7 8
13 8 3
13 10 5
13 11 3
13 12 5
13 14 8
13 16 4
13 18 4
13 19 9
14 1 10
14 2 8
14 3 10
14 5 6
14 7 10
14 8 9
14 9 10
14 12 6
14 15 10
14 17 3
14 18 4
14 19 9
15 1 5
15 2 8
15 3 9
15 5 8
15 7 5
15 17 6
15 18 6
16 1 5
16 2 8
16 3 3
16 5 9
16 7 8
16 8 10
16 9 3
16 10 3
16 11 10
16 12 8
16 15 2
16 17 10
16 18 10
17 1 3
17 2 2
17 8 4
18 1 5
18 2 3
18 5 5
18 8 6
18 17 2
19 1 1
19 2 2
19 5 7
19 8 6
19 17 3
