20
156
0 1 9
0 2 10
0 4 5
0 5 4
0 7 2
0 8 6
0 9 5
0 10 6
0 11 8
0 12 7
0 13 10
0 15 5
0 16 1
0 17 1
0 18 6
0 19 5
1 2 5
1 4 1
1 6 5
1 10 6
1 11 2
1 12 2
1 14 9
1 17 10
2 4 2
2 6 2
2 7 9
2 10 2
2 12 8
2 17 2
3 1 1
3 2 8
3 4 10
3 6 2
3 7 6
3 9 3
3 10 6
3 11 2
3 12 4
3 13 1
3 19 1
4 10 7
5 1 6
5 2 1
5 3 6
5 6 9
5 7 3
5 8 10
5 9 9
5 10 8
5 11 9
5 12 1
5 13 6
5 14 7
5 18 8
5 19 6
6 4 7
6 7 6
6 10 6
6 17 6
7 4 9
8 4 3
8 6 3
8 7 4
8 10 3
8 11 1
8 12 3
8 13 2
9 2 3
9 6 10
9 7 2
9 8 3
9 10 9
9 12 1
9 13 9
9 14 7
9 17 6
9 18 7
9 19 10
11 4 8
11 6 6
11 7 1
12 4 6
12 10 3
13 2 9
13 4 5
13 6 2
13 7 3
13 10 2
13 11 10
13 12 7
13 14 6
13 17 4
14 2 10
14 4 9
14 6 4
14 10 7
14 11 5
14 12 3
14 17 7
15 1 5
15 2 4
15 3 6
15 4 2
15 6 2
15 7 6
15 8 7
15 9 8
15 10 4
15 12 5
15 13 10
15 14 2
15 17 5
15 18 3
15 19 5
16 1 9
16 2 5
16 3 5
16 4 6
16 5 2
16 6 7
16 7 3
16 8 4
16 9 9
16 10 7
16 11 1
16 12 9
16 13 5
16 14 7
16 15 10
16 18 7
17 4 4
17 7 7
17 10 5
18 1 2
18 2 8
18 4 2
18 6 3
18 7 9
18 8 5
18 10 7
18 11 1
18 13 10
18 14 6
18 17 10
18 19 6
19 1 9
19 2 3
19 4 6
19 6 1
19 7 7
19 8 7
19 11 4
19 12 6
19 13 6
19 17 6
