20
160
0 1 7
0 2 3
0 3 10
0 4 4
0 5 4
0 7 3
0 8 6
0 9 1
0 10 7
0 11 9
0 12 2
0 14 7
0 15 4
0 16 6
0 17 7
0 18 9
0 19 6
1 3 6
1 10 1
1 11 1
1 12 5
2 1 8
2 3 6
2 5 3
2 6 6
2 7 6
2 8 6
2 9 2
2 12 1
2 13 5
2 14 2
2 15 9
2 16 8
2 17 6
2 18 5
2 19 8
3 8 9
4 1 5
4 3 1
4 6 3
4 8 7
4 10 6
4 11 1
4 12 4
4 13 6
4 14 7
4 16 4
4 17 10
4 19 5
5 1 6
5 3 7
5 8 8
5 10 4
5 11 4
5 12 2
5 16 8
6 1 1
6 5 3
6 8 6
6 11 4
6 12 9
6 13 9
6 14 9
6 19 3
7 3 3
7 4 10
7 5 2
7 8 3
7 11 7
7 12 9
7 15 4
7 16 2
7 17 2
7 19 4
9 1 3
9 3 8
9 4 1
9 5 9
9 6 10
9 7 2
9 8 7
9 10 4
9 11 10
9 12 1
9 13 4
9 14 10
9 15 1
9 16 7
9 17 7
9 18 10
9 19 6
10 3 4
10 8 6
11 3 1
11 8 3
11 10 7
11 12 9
11 16 4
12 3 1
12 8 9
12 10 4
13 1 10
13 3 5
13 5 3
13 8 8
13 11 9
13 12 5
13 16 8
14 5 4
14 8 6
14 10 2
14 11 8
14 12 8
14 13 9
14 16 6
14 19 2
15 1 3
15 3 8
15 4 4
15 6 1
15 8 8
15 10 10
15 11 8
15 12 7
15 13 9
15 14 8
15 16 3
15 17 8
15 19 3
16 10 6
16 12 7
17 1 5
17 5 3
17 8 3
17 10 10
17 12 8
17 13 6
17 14 4
17 19 9
18 1 8
18 3 8
18 4 7
18 5 9
18 6 2
18 8 9
18 10 6
18 11 3
18 12 3
18 13 6
18 14 6
18 15 1
18 16 4
18 17 8
19 1 3
19 3 3
19 5 9
19 10 7
19 11 4
19 12 6
19 16 10
