20
151
0 1 2
0 2 7
0 4 4
0 6 8
0 7 6
0 8 5
0 9 9
0 10 7
0 11 1
0 12 7
0 13 10
0 14 5
0 15 1
0 16 1
0 19 8
1 16 10
2 1 4
2 3 3
2 4 7
2 5 8
2 7 1
2 8 9
2 10 10
2 11 3
2 12 6
2 14 9
2 16 3
3 1 3
3 16 10
4 1 3
4 3 4
4 6 4
4 7 10
4 11 7
4 16 4
5 1 3
5 3 9
5 4 1
5 6 10
5 7 6
5 11 9
5 16 7
6 1 10
6 3 9
6 10 3
6 16 4
7 1 1
7 3 8
7 6 1
7 10 6
7 11 5
7 16 4
8 1 5
8 3 1
8 5 6
8 7 10
8 10 3
8 11 8
9 1 2
9 2 7
9 4 1
9 5 2
9 6 6
9 7 7
9 8 5
9 10 4
9 11 6
9 12 1
9 13 8
9 14 10
9 16 2
10 1 4
10 16 10
11 1 7
11 3 8
11 6 8
11 10 2
11 16 4
12 1 8
12 4 7
12 5 9
12 6 4
12 7 10
12 16 2
13 4 6
13 6 6
13 10 7
13 11 4
13 12 10
13 14 4
13 16 1
13 19 5
14 3 7
14 4 8
14 5 7
14 7 2
14 8 4
14 10 6
14 11 8
14 12 1
14 16 9
14 19 9
15 1 4
15 2 4
15 4 2
15 5 1
15 6 8
15 8 10
15 10 8
15 11 6
15 12 10
15 14 8
15 16 10
15 17 4
15 18 9
15 19 7
17 2 6
17 3 1
17 4 5
17 6 9
17 7 5
17 8 1
17 9 8
17 12 3
17 13 1
17 14 8
17 16 1
17 18 7
17 19 4
18 1 7
18 2 9
18 3 5
18 4 5
18 5 5
18 6 9
18 7 7
18 8 9
18 9 2
18 10 10
18 11 9
18 12 4
18 14 3
18 16 10
19 1 5
19 3 4
19 4 4
19 5 10
19 6 2
19 7 7
19 8 9
19 10 2
