20
148
0 1 7
0 2 4
0 3 3
0 4 3
0 5 5
0 6 7
0 7 7
0 8 4
0 9 6
0 10 5
0 11 6
0 12 6
0 13 9
0 14 10
0 15 3
0 17 2
0 18 2
0 19 3
1 5 7
1 11 8
1 15 8
1 19 6
2 1 3
2 3 2
2 4 2
2 5 10
2 6 6
2 7 4
2 8 7
2 10 4
2 11 3
2 12 3
2 13 5
2 14 7
2 15 3
2 16 8
2 19 10
3 4 8
3 5 7
3 7 6
3 15 9
3 19 5
4 5 2
4 15 7
4 19 10
6 1 7
6 3 1
6 5 1
6 7 5
6 10 7
6 11 2
6 12 10
6 14 6
6 19 9
7 4 5
7 5 7
7 11 1
7 19 5
8 1 2
8 3 3
8 4 4
8 6 3
8 7 3
8 10 6
8 11 10
8 12 9
8 13 2
8 14 5
8 16 6
9 1 7
9 2 3
9 3 6
9 4 8
9 6 3
9 7 10
9 8 8
9 10 6
9 12 4
9 13 8
9 14 7
9 15 2
9 16 4
9 17 6
9 19 7
10 1 10
10 4 3
10 11 3
10 12 8
10 15 7
10 16 1
10 19 8
11 15 7
12 1 3
12 4 6
12 7 6
12 11 3
12 15 5
12 19 2
13 3 3
13 4 9
13 5 8
13 7 6
13 10 8
13 11 5
13 14 5
13 15 3
13 19 3
14 1 2
14 3 9
14 4 9
14 7 6
14 10 5
14 11 7
14 12 7
14 16 6
14 19 8
16 1 10
16 3 2
16 4 5
16 5 9
16 7 6
16 11 6
16 12 10
16 15 4
16 19 8
17 1 4
17 2 10
17 4 7
17 5 7
17 6 5
17 7 6
17 8 3
17 10 4
17 11 2
17 12 3
17 13 5
17 15 6
17 16 8
17 19 8
18 4 8
18 6 10
18 7 10
18 8 1
18 10 1
18 14 5
18 19 8
19 11 5
19 15 1
