20
156
0 1 3
0 2 4
0 3 6
0 4 3
0 5 1
0 6 5
0 7 7
0 8 5
0 9 3
0 10 1
0 11 8
0 12 9
0 14 2
0 15 1
0 16 3
0 17 2
0 18 1
1 2 10
1 4 7
1 5 9
1 6 7
1 7 10
1 8 2
1 9 4
1 10 2
1 11 5
1 13 10
1 14 5
1 15 1
1 16 9
1 17 1
1 18 5
1 19 5
2 5 7
2 6 5
2 7 7
2 8 7
2 9 5
2 11 3
2 12 10
2 14 5
2 17 7
2 18 8
2 19 8
3 1 9
3 2 3
3 4 10
3 5 5
3 6 3
3 7 7
3 9 9
3 11 9
3 12 6
3 13 8
3 14 3
3 15 5
3 16 10
3 17 2
3 18 10
4 7 2
4 17 8
4 19 2
5 7 1
5 13 5
5 17 7
5 19 7
6 4 4
6 5 1
6 7 8
6 9 9
6 11 4
6 12 8
6 14 5
6 15 2
6 17 2
6 19 1
8 4 8
8 5 3
8 6 10
8 7 8
8 9 9
8 11 6
8 13 7
8 14 9
8 15 8
8 17 10
8 18 6
8 19 3
9 4 2
9 7 7
9 12 10
9 13 2
9 17 9
9 19 4
10 4 5
10 5 9
10 6 6
10 7 3
10 9 5
10 11 6
10 12 9
10 13 9
10 15 5
10 17 5
10 18 9
10 19 1
11 12 9
11 17 7
12 4 10
12 5 1
12 7 4
12 13 6
12 17 5
12 19 10
13 7 6
14 4 6
14 5 7
14 7 5
14 11 4
14 12 5
14 17 1
15 4 2
15 5 2
15 11 10
15 12 10
15 17 6
15 19 8
16 2 1
16 4 2
16 5 1
16 6 1
16 7 2
16 9 9
16 10 8
16 11 6
16 12 4
16 13 7
16 14 4
16 15 4
16 17 5
16 18 7
16 19 7
17 7 6
17 13 1
18 4 4
18 5 5
18 9 7
18 11 9
18 12 7
18 13 4
18 14 3
18 17 10
18 19 2
19 7 1
19 13 7
19 17 3
