20
161
0 1 1
0 2 7
0 3 2
0 4 3
0 5 9
0 6 6
0 7 2
0 9 3
0 10 2
0 11 7
0 12 5
0 13 4
0 14 6
0 15 3
0 16 3
0 17 4
0 18 4
0 19 4
1 2 4
1 4 4
1 6 7
1 7 4
1 8 9
1 9 3
1 11 10
1 13 3
1 14 5
1 16 9
1 19 2
2 3 5
2 6 1
4 2 6
4 6 10
4 7 2
4 8 3
4 9 7
4 11 8
5 2 1
5 3 3
5 4 8
5 6 10
5 7 6
5 8 7
5 9 6
5 10 10
5 11 10
5 12 3
5 15 2
5 16 9
5 17 1
6 3 4
7 2 2
7 3 6
7 6 2
7 19 1
8 2 2
8 3 9
8 6 7
8 7 8
8 19 7
9 2 5
9 3 3
9 6 1
9 7 7
9 8 7
9 19 7
10 2 4
10 3 7
10 4 3
10 8 10
10 9 9
10 11 5
10 13 8
10 14 2
10 16 2
10 17 8
10 19 4
11 3 8
11 6 2
11 8 6
11 9 2
11 19 5
12 2 1
12 3 1
12 4 9
12 6 5
12 7 9
12 8 5
12 9 1
12 10 3
12 11 2
12 13 10
12 14 10
12 16 10
12 17 2
12 19 2
13 2 5
13 3 9
13 4 9
13 6 9
13 7 2
13 8 2
13 9 4
13 11 1
13 16 9
13 19 8
14 2 10
14 3 6
14 4 9
14 6 6
14 7 3
14 8 1
14 9 10
14 11 7
14 16 5
14 17 1
14 19 8
15 1 4
15 2 9
15 3 9
15 4 9
15 6 7
15 7 7
15 8 4
15 10 7
15 11 7
15 12 4
15 13 7
15 16 2
15 17 10
15 19 3
16 2 5
16 3 7
16 6 4
16 7 5
16 8 10
16 9 9
17 2 8
17 3 7
17 4 7
17 6 8
17 7 1
17 8 7
17 9 5
17 16 4
17 19 2
18 2 2
18 3 4
18 4 10
18 5 9
18 7 10
18 9 2
18 10 5
18 11 3
18 14 4
18 15 9
18 16 8
18 17 1
18 19 1
19 3 9
19 6 5
