20
153
0 1 9
0 2 6
0 3 10
0 4 2
0 5 3
0 7 2
0 8 10
0 9 5
0 10 4
0 11 1
0 13 1
0 14 5
0 15 7
0 16 10
0 17 8
0 18 10
0 19 2
1 2 5
1 7 10
1 11 6
1 13 3
1 14 5
1 18 8
1 19 10
2 4 8
2 7 7
2 11 4
2 13 3
2 19 1
3 1 4
3 4 4
3 5 6
3 6 8
3 7 9
3 15 5
3 16 5
4 7 7
4 11 5
4 19 10
5 1 5
5 2 6
5 4 6
5 7 5
5 8 4
5 11 3
5 13 7
5 14 8
5 19 5
6 1 10
6 2 8
6 4 1
6 5 1
6 7 6
6 11 4
6 13 9
6 15 3
6 18 9
6 19 4
7 13 9
7 19 1
8 2 5
8 4 5
8 7 7
8 11 2
8 13 8
8 14 1
8 18 9
8 19 4
9 1 4
9 3 10
9 4 10
9 5 10
9 6 2
9 7 10
9 11 8
9 13 3
9 15 6
9 16 4
9 19 2
10 1 10
10 3 5
10 4 8
10 7 5
10 8 5
10 9 3
10 11 8
10 12 4
10 14 4
10 15 2
10 16 1
10 17 6
10 18 1
10 19 6
11 13 3
11 19 9
12 1 2
12 2 1
12 3 2
12 4 7
12 5 7
12 6 10
12 8 8
12 9 9
12 13 9
12 14 4
12 15 10
12 16 4
12 18 5
12 19 5
13 19 9
14 4 7
14 7 6
14 11 3
15 1 5
15 4 5
15 8 7
15 11 1
15 13 1
15 14 5
15 18 6
16 1 7
16 2 2
16 4 1
16 5 7
16 6 3
16 7 9
16 8 5
16 11 1
16 13 1
16 15 10
16 18 10
16 19 8
17 1 7
17 2 10
17 3 9
17 4 8
17 5 2
17 7 4
17 9 4
17 11 1
17 12 8
17 13 8
17 14 5
17 15 6
17 16 4
17 19 8
18 2 2
18 4 9
18 7 10
18 11 7
18 13 8
18 14 4
18 19 8
