20
157
0 3 2
0 4 2
0 5 9
0 6 10
0 7 6
0 8 1
0 9 10
0 10 7
0 11 4
0 12 1
0 13 6
0 14 7
0 15 8
0 18 8
0 19 9
1 9 10
1 10 8
1 18 7
2 1 1
2 3 4
2 5 4
2 6 9
2 8 2
2 9 10
2 10 8
2 11 7
2 12 10
2 15 8
2 16 5
2 18 7
2 19 1
3 1 4
3 9 4
3 10 1
4 1 7
4 3 6
4 5 8
4 6 1
4 9 4
4 10 1
4 11 3
4 15 7
4 16 6
4 17 4
4 19 5
5 1 8
5 3 8
5 9 6
5 10 4
5 16 1
5 17 5
5 18 1
6 3 9
6 5 6
6 8 6
6 10 8
6 12 8
6 18 8
6 19 4
7 3 9
7 4 3
7 6 7
7 8 9
7 9 4
7 11 1
7 12 5
7 15 8
7 16 7
7 17 5
7 18 7
7 19 5
8 1 9
8 3 7
8 9 8
8 10 7
8 16 10
8 17 4
8 18 6
10 18 5
11 1 3
11 5 1
11 6 10
11 8 6
11 9 7
11 10 3
11 12 5
11 15 9
11 16 6
11 17 7
11 18 9
11 19 10
12 1 8
12 3 6
12 5 8
12 8 8
12 9 1
12 10 10
12 17 8
12 19 3
13 1 4
13 2 4
13 3 2
13 4 8
13 5 3
13 6 2
13 7 3
13 8 9
13 9 2
13 10 4
13 11 9
13 12 1
13 15 5
13 16 4
13 18 9
13 19 6
14 1 3
14 2 5
14 4 3
14 5 9
14 6 6
14 7 9
14 8 5
14 9 2
14 10 6
14 11 4
14 12 8
14 13 9
14 15 6
14 16 5
14 17 1
14 18 1
14 19 7
15 1 7
15 3 2
15 6 7
15 8 10
15 10 6
15 12 5
15 16 10
15 17 8
15 18 5
15 19 9
16 3 7
16 9 6
16 10 3
17 1 4
17 3 5
17 10 5
17 16 6
17 18 9
18 9 1
19 1 4
19 3 2
19 9 10
19 10 2
19 17 2
19 18 5
