20
150
0 1 4
0 2 3
0 3 1
0 4 6
0 5 10
0 6 1
0 7 10
0 8 2
0 9 1
0 10 7
0 11 10
0 12 10
0 13 2
0 15 10
0 16 7
0 19 7
2 1 3
2 3 6
2 4 9
2 7 2
2 8 1
2 10 9
2 15 5
2 17 8
3 1 4
4 1 7
4 3 9
4 8 6
4 10 2
4 15 1
5 1 1
5 2 2
5 3 7
5 4 1
5 6 3
5 8 8
5 9 9
5 10 1
5 11 2
5 12 1
5 13 8
5 14 10
5 17 10
5 18 7
6 1 9
6 2 10
6 3 6
6 4 10
6 7 8
6 9 8
6 10 7
6 14 2
6 15 6
6 17 10
6 18 5
7 1 1
8 1 6
8 3 9
9 1 2
9 2 2
9 3 1
9 4 2
9 7 9
9 8 10
9 10 9
9 15 9
9 17 3
9 18 7
10 1 6
10 3 2
10 7 9
10 8 8
11 1 9
11 2 7
11 3 2
11 7 2
11 10 6
11 12 5
11 13 1
11 14 10
11 15 8
11 17 5
12 1 4
12 6 1
12 7 10
12 8 6
12 9 1
12 13 5
12 15 4
12 17 6
12 18 2
13 1 10
13 3 4
13 4 3
13 7 4
13 8 1
13 10 1
13 14 6
13 15 1
14 1 8
14 4 5
14 7 6
14 15 2
15 1 5
15 3 1
15 7 1
15 8 6
16 1 7
16 2 8
16 4 6
16 5 2
16 6 5
16 7 10
16 9 10
16 10 1
16 11 6
16 12 5
16 13 7
16 14 9
16 15 4
16 17 1
16 18 10
16 19 4
17 1 1
17 3 1
17 4 8
17 7 1
17 8 4
17 13 8
17 14 6
17 15 2
17 18 6
18 4 8
18 7 2
18 10 7
18 14 9
18 15 2
19 1 3
19 2 8
19 3 7
19 4 6
19 6 5
19 7 6
19 9 3
19 10 9
19 11 10
19 12 7
19 14 10
19 17 5
19 18 8
